1.000000000000000000e+01 7.000000000000000000e+00 1.000000000000000000e+01 7.500000000000000000e+01 5.100000000000000000e+01 5.200000000000000000e+01 8.900000000000000000e+01 1.330000000000000000e+02 1.230000000000000000e+02 4.400000000000000000e+01
1.900000000000000000e+01 3.300000000000000000e+01 2.000000000000000000e+01 8.600000000000000000e+01 8.600000000000000000e+01 1.000000000000000000e+02 1.240000000000000000e+02 1.400000000000000000e+02 2.090000000000000000e+02 1.120000000000000000e+02
1.200000000000000000e+01 5.600000000000000000e+01 2.400000000000000000e+01 1.080000000000000000e+02 1.430000000000000000e+02 1.660000000000000000e+02 1.440000000000000000e+02 1.260000000000000000e+02 1.760000000000000000e+02 1.910000000000000000e+02
2.500000000000000000e+01 4.700000000000000000e+01 9.700000000000000000e+01 6.900000000000000000e+01 9.300000000000000000e+01 8.700000000000000000e+01 1.430000000000000000e+02 1.600000000000000000e+02 2.120000000000000000e+02 2.090000000000000000e+02
3.800000000000000000e+01 3.400000000000000000e+01 6.100000000000000000e+01 6.500000000000000000e+01 1.700000000000000000e+02 1.440000000000000000e+02 1.630000000000000000e+02 1.460000000000000000e+02 1.610000000000000000e+02 2.040000000000000000e+02
1.900000000000000000e+01 7.600000000000000000e+01 9.500000000000000000e+01 1.300000000000000000e+02 1.390000000000000000e+02 1.520000000000000000e+02 2.200000000000000000e+02 2.140000000000000000e+02 1.500000000000000000e+02 9.500000000000000000e+01
3.900000000000000000e+01 4.900000000000000000e+01 1.000000000000000000e+02 7.400000000000000000e+01 1.020000000000000000e+02 1.130000000000000000e+02 1.970000000000000000e+02 2.200000000000000000e+02 1.670000000000000000e+02 9.200000000000000000e+01
3.500000000000000000e+01 6.700000000000000000e+01 1.090000000000000000e+02 6.600000000000000000e+01 1.250000000000000000e+02 1.120000000000000000e+02 1.230000000000000000e+02 1.180000000000000000e+02 1.110000000000000000e+02 1.020000000000000000e+02
3.900000000000000000e+01 3.200000000000000000e+01 4.200000000000000000e+01 4.600000000000000000e+01 9.100000000000000000e+01 1.510000000000000000e+02 1.340000000000000000e+02 5.600000000000000000e+01 6.600000000000000000e+01 7.600000000000000000e+01
1.500000000000000000e+01 3.900000000000000000e+01 7.100000000000000000e+01 4.700000000000000000e+01 5.500000000000000000e+01 6.200000000000000000e+01 1.060000000000000000e+02 7.700000000000000000e+01 7.300000000000000000e+01 3.200000000000000000e+01
