3.500000000000000000e+01 4.800000000000000000e+01 4.400000000000000000e+01 5.600000000000000000e+01 1.090000000000000000e+02 8.300000000000000000e+01 8.500000000000000000e+01 9.100000000000000000e+01 5.900000000000000000e+01 3.300000000000000000e+01
5.200000000000000000e+01 3.200000000000000000e+01 6.800000000000000000e+01 6.000000000000000000e+01 1.110000000000000000e+02 1.410000000000000000e+02 1.100000000000000000e+02 1.320000000000000000e+02 6.100000000000000000e+01 4.000000000000000000e+01
5.500000000000000000e+01 5.400000000000000000e+01 6.600000000000000000e+01 9.500000000000000000e+01 1.550000000000000000e+02 1.280000000000000000e+02 1.590000000000000000e+02 1.610000000000000000e+02 1.300000000000000000e+02 6.800000000000000000e+01
4.100000000000000000e+01 9.800000000000000000e+01 1.320000000000000000e+02 1.040000000000000000e+02 1.380000000000000000e+02 1.230000000000000000e+02 1.290000000000000000e+02 1.200000000000000000e+02 1.020000000000000000e+02 5.000000000000000000e+01
6.000000000000000000e+01 4.500000000000000000e+01 1.290000000000000000e+02 1.510000000000000000e+02 1.140000000000000000e+02 1.270000000000000000e+02 1.060000000000000000e+02 6.500000000000000000e+01 5.900000000000000000e+01 5.300000000000000000e+01
3.400000000000000000e+01 3.900000000000000000e+01 1.180000000000000000e+02 1.160000000000000000e+02 8.300000000000000000e+01 1.360000000000000000e+02 8.700000000000000000e+01 7.200000000000000000e+01 1.080000000000000000e+02 3.000000000000000000e+01
3.000000000000000000e+01 6.900000000000000000e+01 5.400000000000000000e+01 1.070000000000000000e+02 9.500000000000000000e+01 6.900000000000000000e+01 6.400000000000000000e+01 8.000000000000000000e+01 9.800000000000000000e+01 5.500000000000000000e+01
2.200000000000000000e+01 4.200000000000000000e+01 6.900000000000000000e+01 7.700000000000000000e+01 9.400000000000000000e+01 8.500000000000000000e+01 6.600000000000000000e+01 7.400000000000000000e+01 9.400000000000000000e+01 3.000000000000000000e+01
6.000000000000000000e+00 1.000000000000000000e+01 4.000000000000000000e+01 3.800000000000000000e+01 2.800000000000000000e+01 6.200000000000000000e+01 6.000000000000000000e+01 9.000000000000000000e+01 6.600000000000000000e+01 3.500000000000000000e+01
5.000000000000000000e+00 9.000000000000000000e+00 8.000000000000000000e+00 1.600000000000000000e+01 1.800000000000000000e+01 6.100000000000000000e+01 4.400000000000000000e+01 4.800000000000000000e+01 2.300000000000000000e+01 1.200000000000000000e+01
