1.800000000000000000e+01 3.800000000000000000e+01 5.500000000000000000e+01 6.400000000000000000e+01 1.270000000000000000e+02 1.500000000000000000e+02 1.170000000000000000e+02 9.700000000000000000e+01 1.110000000000000000e+02 5.500000000000000000e+01
5.300000000000000000e+01 3.900000000000000000e+01 9.100000000000000000e+01 9.300000000000000000e+01 1.510000000000000000e+02 1.420000000000000000e+02 1.540000000000000000e+02 1.620000000000000000e+02 1.530000000000000000e+02 1.380000000000000000e+02
3.400000000000000000e+01 2.800000000000000000e+01 4.000000000000000000e+01 6.700000000000000000e+01 1.120000000000000000e+02 1.670000000000000000e+02 1.960000000000000000e+02 1.920000000000000000e+02 1.820000000000000000e+02 1.720000000000000000e+02
2.800000000000000000e+01 2.500000000000000000e+01 6.400000000000000000e+01 9.600000000000000000e+01 1.170000000000000000e+02 1.180000000000000000e+02 1.900000000000000000e+02 1.490000000000000000e+02 1.920000000000000000e+02 1.390000000000000000e+02
5.000000000000000000e+01 6.700000000000000000e+01 5.400000000000000000e+01 5.100000000000000000e+01 7.900000000000000000e+01 6.900000000000000000e+01 1.610000000000000000e+02 1.650000000000000000e+02 1.340000000000000000e+02 9.800000000000000000e+01
2.800000000000000000e+01 5.000000000000000000e+01 3.400000000000000000e+01 8.500000000000000000e+01 1.030000000000000000e+02 6.700000000000000000e+01 1.260000000000000000e+02 1.350000000000000000e+02 1.470000000000000000e+02 1.120000000000000000e+02
3.900000000000000000e+01 1.900000000000000000e+01 2.800000000000000000e+01 8.300000000000000000e+01 1.150000000000000000e+02 1.090000000000000000e+02 1.240000000000000000e+02 9.400000000000000000e+01 1.240000000000000000e+02 8.200000000000000000e+01
4.700000000000000000e+01 7.100000000000000000e+01 6.800000000000000000e+01 8.100000000000000000e+01 1.160000000000000000e+02 8.600000000000000000e+01 1.270000000000000000e+02 1.050000000000000000e+02 1.410000000000000000e+02 4.400000000000000000e+01
3.400000000000000000e+01 4.300000000000000000e+01 5.200000000000000000e+01 3.900000000000000000e+01 8.300000000000000000e+01 3.700000000000000000e+01 2.300000000000000000e+01 5.700000000000000000e+01 1.020000000000000000e+02 4.200000000000000000e+01
1.800000000000000000e+01 3.000000000000000000e+01 2.000000000000000000e+01 3.000000000000000000e+01 2.700000000000000000e+01 2.200000000000000000e+01 5.200000000000000000e+01 6.000000000000000000e+01 4.600000000000000000e+01 1.000000000000000000e+01
