2.900000000000000000e+01 4.500000000000000000e+01 6.700000000000000000e+01 1.000000000000000000e+02 1.670000000000000000e+02 1.200000000000000000e+02 1.480000000000000000e+02 9.100000000000000000e+01 6.100000000000000000e+01 5.300000000000000000e+01
6.300000000000000000e+01 9.600000000000000000e+01 1.420000000000000000e+02 1.440000000000000000e+02 1.710000000000000000e+02 1.660000000000000000e+02 1.750000000000000000e+02 1.650000000000000000e+02 1.250000000000000000e+02 8.000000000000000000e+01
4.500000000000000000e+01 7.700000000000000000e+01 8.200000000000000000e+01 1.520000000000000000e+02 1.020000000000000000e+02 1.420000000000000000e+02 1.430000000000000000e+02 1.540000000000000000e+02 1.530000000000000000e+02 1.130000000000000000e+02
3.100000000000000000e+01 3.000000000000000000e+01 7.300000000000000000e+01 8.300000000000000000e+01 1.270000000000000000e+02 7.100000000000000000e+01 8.700000000000000000e+01 5.900000000000000000e+01 9.700000000000000000e+01 1.070000000000000000e+02
5.300000000000000000e+01 5.900000000000000000e+01 9.900000000000000000e+01 6.500000000000000000e+01 6.500000000000000000e+01 5.300000000000000000e+01 1.070000000000000000e+02 1.050000000000000000e+02 1.150000000000000000e+02 6.400000000000000000e+01
1.900000000000000000e+01 6.100000000000000000e+01 8.000000000000000000e+01 6.300000000000000000e+01 4.900000000000000000e+01 6.900000000000000000e+01 1.130000000000000000e+02 1.040000000000000000e+02 1.070000000000000000e+02 9.000000000000000000e+01
2.700000000000000000e+01 2.700000000000000000e+01 7.700000000000000000e+01 8.200000000000000000e+01 6.800000000000000000e+01 6.500000000000000000e+01 8.000000000000000000e+01 9.800000000000000000e+01 6.400000000000000000e+01 6.800000000000000000e+01
3.800000000000000000e+01 5.600000000000000000e+01 9.500000000000000000e+01 4.700000000000000000e+01 5.900000000000000000e+01 6.000000000000000000e+01 7.200000000000000000e+01 7.000000000000000000e+01 5.800000000000000000e+01 4.400000000000000000e+01
3.000000000000000000e+00 1.700000000000000000e+01 5.800000000000000000e+01 6.500000000000000000e+01 5.200000000000000000e+01 6.600000000000000000e+01 5.000000000000000000e+01 2.100000000000000000e+01 2.500000000000000000e+01 2.600000000000000000e+01
5.000000000000000000e+00 4.000000000000000000e+00 1.300000000000000000e+01 3.100000000000000000e+01 2.000000000000000000e+01 1.200000000000000000e+01 1.300000000000000000e+01 3.000000000000000000e+00 5.000000000000000000e+00 9.000000000000000000e+00
