1.100000000000000000e+01 2.900000000000000000e+01 6.500000000000000000e+01 6.400000000000000000e+01 1.050000000000000000e+02 3.000000000000000000e+01 6.100000000000000000e+01 2.600000000000000000e+01 2.800000000000000000e+01 2.200000000000000000e+01
6.000000000000000000e+01 7.400000000000000000e+01 9.500000000000000000e+01 9.200000000000000000e+01 1.110000000000000000e+02 8.200000000000000000e+01 6.000000000000000000e+01 6.600000000000000000e+01 4.200000000000000000e+01 2.700000000000000000e+01
5.500000000000000000e+01 5.900000000000000000e+01 6.900000000000000000e+01 7.500000000000000000e+01 1.050000000000000000e+02 8.300000000000000000e+01 6.500000000000000000e+01 6.300000000000000000e+01 5.100000000000000000e+01 6.700000000000000000e+01
7.600000000000000000e+01 8.400000000000000000e+01 9.500000000000000000e+01 8.800000000000000000e+01 1.010000000000000000e+02 8.400000000000000000e+01 6.600000000000000000e+01 5.600000000000000000e+01 2.700000000000000000e+01 3.900000000000000000e+01
7.700000000000000000e+01 6.200000000000000000e+01 8.700000000000000000e+01 7.400000000000000000e+01 8.100000000000000000e+01 8.100000000000000000e+01 6.300000000000000000e+01 4.300000000000000000e+01 4.800000000000000000e+01 2.800000000000000000e+01
5.400000000000000000e+01 7.200000000000000000e+01 7.400000000000000000e+01 5.100000000000000000e+01 5.200000000000000000e+01 4.200000000000000000e+01 7.200000000000000000e+01 2.200000000000000000e+01 4.700000000000000000e+01 1.900000000000000000e+01
9.400000000000000000e+01 1.120000000000000000e+02 1.050000000000000000e+02 8.000000000000000000e+01 4.200000000000000000e+01 8.200000000000000000e+01 6.400000000000000000e+01 2.600000000000000000e+01 4.200000000000000000e+01 3.200000000000000000e+01
1.120000000000000000e+02 1.100000000000000000e+02 1.050000000000000000e+02 8.600000000000000000e+01 4.900000000000000000e+01 3.200000000000000000e+01 3.600000000000000000e+01 3.200000000000000000e+01 1.600000000000000000e+01 1.300000000000000000e+01
8.200000000000000000e+01 1.010000000000000000e+02 1.170000000000000000e+02 7.900000000000000000e+01 4.600000000000000000e+01 4.900000000000000000e+01 3.100000000000000000e+01 2.400000000000000000e+01 2.200000000000000000e+01 3.000000000000000000e+00
3.900000000000000000e+01 3.100000000000000000e+01 2.300000000000000000e+01 4.700000000000000000e+01 2.100000000000000000e+01 2.300000000000000000e+01 1.400000000000000000e+01 1.300000000000000000e+01 6.000000000000000000e+00 0.000000000000000000e+00
