7.000000000000000000e+00 1.300000000000000000e+01 5.000000000000000000e+00 1.490000000000000000e+02 1.790000000000000000e+02 1.320000000000000000e+02 1.800000000000000000e+02 1.710000000000000000e+02 1.580000000000000000e+02 6.800000000000000000e+01
4.500000000000000000e+01 5.400000000000000000e+01 1.150000000000000000e+02 1.780000000000000000e+02 1.880000000000000000e+02 1.950000000000000000e+02 2.030000000000000000e+02 1.660000000000000000e+02 1.300000000000000000e+02 1.130000000000000000e+02
3.800000000000000000e+01 1.050000000000000000e+02 1.150000000000000000e+02 6.300000000000000000e+01 1.690000000000000000e+02 1.740000000000000000e+02 1.610000000000000000e+02 1.690000000000000000e+02 1.760000000000000000e+02 1.700000000000000000e+02
4.200000000000000000e+01 1.170000000000000000e+02 1.190000000000000000e+02 1.110000000000000000e+02 1.210000000000000000e+02 1.000000000000000000e+02 1.650000000000000000e+02 1.390000000000000000e+02 1.370000000000000000e+02 1.180000000000000000e+02
4.900000000000000000e+01 4.900000000000000000e+01 8.100000000000000000e+01 6.900000000000000000e+01 5.000000000000000000e+01 1.050000000000000000e+02 1.380000000000000000e+02 1.050000000000000000e+02 1.020000000000000000e+02 8.500000000000000000e+01
6.100000000000000000e+01 8.700000000000000000e+01 7.300000000000000000e+01 6.800000000000000000e+01 5.900000000000000000e+01 6.200000000000000000e+01 1.330000000000000000e+02 1.210000000000000000e+02 8.400000000000000000e+01 7.100000000000000000e+01
3.600000000000000000e+01 7.200000000000000000e+01 5.900000000000000000e+01 7.900000000000000000e+01 8.100000000000000000e+01 9.300000000000000000e+01 1.020000000000000000e+02 8.800000000000000000e+01 8.800000000000000000e+01 8.200000000000000000e+01
4.000000000000000000e+01 6.300000000000000000e+01 8.300000000000000000e+01 5.500000000000000000e+01 6.600000000000000000e+01 3.600000000000000000e+01 5.100000000000000000e+01 3.600000000000000000e+01 3.300000000000000000e+01 3.000000000000000000e+01
2.500000000000000000e+01 3.700000000000000000e+01 3.200000000000000000e+01 5.200000000000000000e+01 3.800000000000000000e+01 3.500000000000000000e+01 1.000000000000000000e+01 3.100000000000000000e+01 1.400000000000000000e+01 5.000000000000000000e+00
9.000000000000000000e+00 1.100000000000000000e+01 2.700000000000000000e+01 1.400000000000000000e+01 2.000000000000000000e+01 2.300000000000000000e+01 2.700000000000000000e+01 1.700000000000000000e+01 1.100000000000000000e+01 2.000000000000000000e+00
