9.000000000000000000e+00 1.300000000000000000e+01 3.100000000000000000e+01 3.600000000000000000e+01 5.200000000000000000e+01 5.100000000000000000e+01 8.300000000000000000e+01 9.700000000000000000e+01 8.100000000000000000e+01 8.300000000000000000e+01
1.600000000000000000e+01 2.500000000000000000e+01 4.700000000000000000e+01 8.100000000000000000e+01 5.500000000000000000e+01 8.000000000000000000e+01 1.070000000000000000e+02 1.030000000000000000e+02 5.700000000000000000e+01 1.170000000000000000e+02
3.100000000000000000e+01 4.000000000000000000e+01 3.100000000000000000e+01 3.400000000000000000e+01 9.700000000000000000e+01 6.300000000000000000e+01 1.000000000000000000e+02 1.300000000000000000e+02 1.170000000000000000e+02 1.050000000000000000e+02
1.800000000000000000e+01 4.800000000000000000e+01 4.700000000000000000e+01 4.100000000000000000e+01 5.300000000000000000e+01 5.800000000000000000e+01 7.600000000000000000e+01 1.380000000000000000e+02 1.170000000000000000e+02 8.100000000000000000e+01
2.300000000000000000e+01 5.500000000000000000e+01 7.900000000000000000e+01 5.500000000000000000e+01 4.900000000000000000e+01 8.900000000000000000e+01 1.090000000000000000e+02 1.440000000000000000e+02 9.400000000000000000e+01 6.600000000000000000e+01
3.100000000000000000e+01 4.400000000000000000e+01 8.200000000000000000e+01 7.100000000000000000e+01 6.700000000000000000e+01 1.100000000000000000e+02 1.210000000000000000e+02 1.040000000000000000e+02 9.300000000000000000e+01 8.500000000000000000e+01
4.600000000000000000e+01 2.700000000000000000e+01 6.900000000000000000e+01 8.200000000000000000e+01 8.700000000000000000e+01 8.700000000000000000e+01 8.200000000000000000e+01 1.080000000000000000e+02 1.190000000000000000e+02 7.600000000000000000e+01
6.000000000000000000e+01 6.700000000000000000e+01 8.000000000000000000e+01 9.100000000000000000e+01 9.700000000000000000e+01 7.100000000000000000e+01 7.100000000000000000e+01 8.200000000000000000e+01 7.900000000000000000e+01 8.300000000000000000e+01
3.300000000000000000e+01 5.800000000000000000e+01 6.600000000000000000e+01 9.500000000000000000e+01 1.040000000000000000e+02 5.900000000000000000e+01 7.600000000000000000e+01 5.200000000000000000e+01 6.700000000000000000e+01 4.100000000000000000e+01
1.700000000000000000e+01 2.100000000000000000e+01 5.400000000000000000e+01 5.900000000000000000e+01 5.400000000000000000e+01 5.500000000000000000e+01 6.700000000000000000e+01 5.000000000000000000e+01 4.300000000000000000e+01 3.100000000000000000e+01
