1.600000000000000000e+01 1.100000000000000000e+01 3.500000000000000000e+01 7.000000000000000000e+01 1.080000000000000000e+02 1.420000000000000000e+02 1.490000000000000000e+02 1.330000000000000000e+02 1.170000000000000000e+02 7.600000000000000000e+01
2.000000000000000000e+01 1.000000000000000000e+01 5.800000000000000000e+01 7.000000000000000000e+01 1.210000000000000000e+02 7.400000000000000000e+01 1.310000000000000000e+02 1.200000000000000000e+02 1.400000000000000000e+02 7.000000000000000000e+01
2.600000000000000000e+01 1.400000000000000000e+01 6.600000000000000000e+01 6.300000000000000000e+01 1.140000000000000000e+02 1.150000000000000000e+02 1.440000000000000000e+02 1.080000000000000000e+02 1.350000000000000000e+02 8.300000000000000000e+01
2.400000000000000000e+01 5.900000000000000000e+01 5.100000000000000000e+01 5.300000000000000000e+01 8.400000000000000000e+01 9.900000000000000000e+01 1.060000000000000000e+02 7.700000000000000000e+01 8.600000000000000000e+01 8.500000000000000000e+01
3.600000000000000000e+01 4.200000000000000000e+01 6.400000000000000000e+01 3.800000000000000000e+01 7.800000000000000000e+01 4.300000000000000000e+01 9.800000000000000000e+01 1.180000000000000000e+02 9.500000000000000000e+01 5.900000000000000000e+01
3.600000000000000000e+01 2.400000000000000000e+01 4.100000000000000000e+01 1.900000000000000000e+01 6.000000000000000000e+01 7.800000000000000000e+01 7.700000000000000000e+01 1.180000000000000000e+02 8.100000000000000000e+01 6.400000000000000000e+01
2.900000000000000000e+01 2.900000000000000000e+01 3.100000000000000000e+01 2.700000000000000000e+01 5.200000000000000000e+01 8.400000000000000000e+01 7.600000000000000000e+01 1.100000000000000000e+02 1.170000000000000000e+02 7.400000000000000000e+01
1.400000000000000000e+01 2.700000000000000000e+01 4.100000000000000000e+01 1.500000000000000000e+01 3.900000000000000000e+01 3.500000000000000000e+01 8.200000000000000000e+01 9.900000000000000000e+01 1.080000000000000000e+02 6.000000000000000000e+01
1.900000000000000000e+01 2.600000000000000000e+01 3.100000000000000000e+01 2.500000000000000000e+01 1.300000000000000000e+01 1.300000000000000000e+01 2.900000000000000000e+01 4.600000000000000000e+01 6.300000000000000000e+01 6.300000000000000000e+01
6.000000000000000000e+00 0.000000000000000000e+00 1.000000000000000000e+00 4.000000000000000000e+00 1.500000000000000000e+01 1.400000000000000000e+01 3.600000000000000000e+01 4.700000000000000000e+01 2.300000000000000000e+01 3.800000000000000000e+01
