3.000000000000000000e+00 1.700000000000000000e+01 5.000000000000000000e+00 1.880000000000000000e+02 1.860000000000000000e+02 2.330000000000000000e+02 1.740000000000000000e+02 1.280000000000000000e+02 9.300000000000000000e+01 1.220000000000000000e+02
3.000000000000000000e+01 4.000000000000000000e+01 8.700000000000000000e+01 2.390000000000000000e+02 2.020000000000000000e+02 1.360000000000000000e+02 2.220000000000000000e+02 1.590000000000000000e+02 1.640000000000000000e+02 1.670000000000000000e+02
2.400000000000000000e+01 2.500000000000000000e+01 7.100000000000000000e+01 1.440000000000000000e+02 2.480000000000000000e+02 1.720000000000000000e+02 1.390000000000000000e+02 2.000000000000000000e+02 2.340000000000000000e+02 2.090000000000000000e+02
2.700000000000000000e+01 6.000000000000000000e+01 6.100000000000000000e+01 1.290000000000000000e+02 1.860000000000000000e+02 1.830000000000000000e+02 1.870000000000000000e+02 1.960000000000000000e+02 2.480000000000000000e+02 1.810000000000000000e+02
3.600000000000000000e+01 3.400000000000000000e+01 7.000000000000000000e+01 1.130000000000000000e+02 1.050000000000000000e+02 1.100000000000000000e+02 1.890000000000000000e+02 2.250000000000000000e+02 2.010000000000000000e+02 1.790000000000000000e+02
3.100000000000000000e+01 1.700000000000000000e+01 3.100000000000000000e+01 9.200000000000000000e+01 1.750000000000000000e+02 1.440000000000000000e+02 1.560000000000000000e+02 2.660000000000000000e+02 2.570000000000000000e+02 2.240000000000000000e+02
5.000000000000000000e+01 5.600000000000000000e+01 5.800000000000000000e+01 1.600000000000000000e+02 1.870000000000000000e+02 1.830000000000000000e+02 2.020000000000000000e+02 1.880000000000000000e+02 2.100000000000000000e+02 2.350000000000000000e+02
5.800000000000000000e+01 9.400000000000000000e+01 8.600000000000000000e+01 1.570000000000000000e+02 2.180000000000000000e+02 1.730000000000000000e+02 1.850000000000000000e+02 1.770000000000000000e+02 2.310000000000000000e+02 1.580000000000000000e+02
2.100000000000000000e+01 7.600000000000000000e+01 7.200000000000000000e+01 8.300000000000000000e+01 9.800000000000000000e+01 1.930000000000000000e+02 1.340000000000000000e+02 2.090000000000000000e+02 1.610000000000000000e+02 1.170000000000000000e+02
3.600000000000000000e+01 2.600000000000000000e+01 2.100000000000000000e+01 3.500000000000000000e+01 1.160000000000000000e+02 9.500000000000000000e+01 1.040000000000000000e+02 1.700000000000000000e+02 1.570000000000000000e+02 5.400000000000000000e+01
