1.200000000000000000e+01 3.800000000000000000e+01 3.200000000000000000e+01 8.300000000000000000e+01 1.100000000000000000e+02 1.350000000000000000e+02 1.330000000000000000e+02 1.420000000000000000e+02 1.870000000000000000e+02 1.290000000000000000e+02
1.800000000000000000e+01 3.100000000000000000e+01 6.600000000000000000e+01 1.170000000000000000e+02 1.350000000000000000e+02 1.450000000000000000e+02 1.240000000000000000e+02 1.860000000000000000e+02 2.130000000000000000e+02 2.200000000000000000e+02
1.400000000000000000e+01 4.800000000000000000e+01 3.400000000000000000e+01 9.000000000000000000e+01 1.250000000000000000e+02 1.170000000000000000e+02 1.070000000000000000e+02 1.790000000000000000e+02 2.500000000000000000e+02 2.410000000000000000e+02
2.800000000000000000e+01 3.900000000000000000e+01 5.000000000000000000e+01 1.310000000000000000e+02 1.820000000000000000e+02 1.270000000000000000e+02 1.310000000000000000e+02 1.530000000000000000e+02 1.800000000000000000e+02 1.710000000000000000e+02
2.300000000000000000e+01 3.500000000000000000e+01 7.400000000000000000e+01 5.300000000000000000e+01 8.900000000000000000e+01 9.000000000000000000e+01 1.190000000000000000e+02 1.230000000000000000e+02 1.510000000000000000e+02 1.230000000000000000e+02
2.500000000000000000e+01 5.200000000000000000e+01 1.220000000000000000e+02 1.790000000000000000e+02 1.160000000000000000e+02 7.100000000000000000e+01 1.480000000000000000e+02 1.740000000000000000e+02 2.180000000000000000e+02 1.600000000000000000e+02
3.700000000000000000e+01 8.700000000000000000e+01 8.700000000000000000e+01 1.410000000000000000e+02 1.720000000000000000e+02 1.680000000000000000e+02 2.700000000000000000e+02 2.150000000000000000e+02 2.400000000000000000e+02 1.760000000000000000e+02
7.800000000000000000e+01 9.900000000000000000e+01 1.600000000000000000e+02 1.430000000000000000e+02 1.430000000000000000e+02 1.840000000000000000e+02 2.390000000000000000e+02 2.320000000000000000e+02 2.050000000000000000e+02 3.600000000000000000e+01
4.200000000000000000e+01 2.400000000000000000e+01 8.000000000000000000e+01 7.900000000000000000e+01 1.280000000000000000e+02 9.400000000000000000e+01 8.100000000000000000e+01 1.840000000000000000e+02 1.960000000000000000e+02 2.300000000000000000e+01
2.500000000000000000e+01 2.300000000000000000e+01 6.600000000000000000e+01 8.200000000000000000e+01 1.250000000000000000e+02 9.300000000000000000e+01 1.360000000000000000e+02 1.480000000000000000e+02 1.730000000000000000e+02 2.200000000000000000e+01
