1.600000000000000000e+01 2.600000000000000000e+01 6.500000000000000000e+01 5.900000000000000000e+01 6.900000000000000000e+01 9.200000000000000000e+01 6.400000000000000000e+01 9.400000000000000000e+01 1.050000000000000000e+02 6.200000000000000000e+01
3.200000000000000000e+01 2.100000000000000000e+01 5.700000000000000000e+01 9.100000000000000000e+01 7.900000000000000000e+01 5.400000000000000000e+01 8.800000000000000000e+01 1.260000000000000000e+02 9.700000000000000000e+01 7.700000000000000000e+01
2.200000000000000000e+01 4.800000000000000000e+01 4.800000000000000000e+01 7.800000000000000000e+01 6.400000000000000000e+01 8.300000000000000000e+01 1.240000000000000000e+02 1.450000000000000000e+02 1.580000000000000000e+02 9.300000000000000000e+01
2.900000000000000000e+01 1.200000000000000000e+01 4.200000000000000000e+01 6.000000000000000000e+01 9.400000000000000000e+01 7.100000000000000000e+01 1.490000000000000000e+02 1.520000000000000000e+02 1.540000000000000000e+02 1.260000000000000000e+02
3.100000000000000000e+01 3.300000000000000000e+01 7.200000000000000000e+01 5.700000000000000000e+01 9.300000000000000000e+01 5.200000000000000000e+01 1.640000000000000000e+02 1.350000000000000000e+02 8.700000000000000000e+01 9.600000000000000000e+01
1.900000000000000000e+01 4.400000000000000000e+01 4.200000000000000000e+01 9.700000000000000000e+01 1.100000000000000000e+02 1.100000000000000000e+02 1.310000000000000000e+02 1.450000000000000000e+02 1.190000000000000000e+02 7.900000000000000000e+01
3.600000000000000000e+01 3.200000000000000000e+01 6.500000000000000000e+01 9.200000000000000000e+01 8.900000000000000000e+01 8.700000000000000000e+01 1.010000000000000000e+02 7.700000000000000000e+01 8.800000000000000000e+01 8.000000000000000000e+01
5.200000000000000000e+01 8.400000000000000000e+01 7.600000000000000000e+01 5.600000000000000000e+01 9.300000000000000000e+01 9.800000000000000000e+01 6.900000000000000000e+01 9.900000000000000000e+01 1.020000000000000000e+02 6.400000000000000000e+01
2.500000000000000000e+01 4.500000000000000000e+01 8.900000000000000000e+01 7.600000000000000000e+01 4.700000000000000000e+01 6.400000000000000000e+01 8.500000000000000000e+01 7.600000000000000000e+01 8.800000000000000000e+01 5.900000000000000000e+01
1.500000000000000000e+01 1.200000000000000000e+01 2.500000000000000000e+01 2.600000000000000000e+01 4.600000000000000000e+01 2.900000000000000000e+01 4.700000000000000000e+01 5.300000000000000000e+01 5.200000000000000000e+01 3.000000000000000000e+01
