1.100000000000000000e+01 3.000000000000000000e+01 3.800000000000000000e+01 6.300000000000000000e+01 7.900000000000000000e+01 5.800000000000000000e+01 7.600000000000000000e+01 5.300000000000000000e+01 4.500000000000000000e+01 4.500000000000000000e+01
3.500000000000000000e+01 4.700000000000000000e+01 8.200000000000000000e+01 8.100000000000000000e+01 1.020000000000000000e+02 7.700000000000000000e+01 5.200000000000000000e+01 8.400000000000000000e+01 6.900000000000000000e+01 8.000000000000000000e+01
1.700000000000000000e+01 5.000000000000000000e+01 6.100000000000000000e+01 6.200000000000000000e+01 6.300000000000000000e+01 8.000000000000000000e+01 9.600000000000000000e+01 7.000000000000000000e+01 1.210000000000000000e+02 7.800000000000000000e+01
3.800000000000000000e+01 5.200000000000000000e+01 1.060000000000000000e+02 1.070000000000000000e+02 1.170000000000000000e+02 1.000000000000000000e+02 1.200000000000000000e+02 1.070000000000000000e+02 9.900000000000000000e+01 5.900000000000000000e+01
3.200000000000000000e+01 2.300000000000000000e+01 8.400000000000000000e+01 4.900000000000000000e+01 8.400000000000000000e+01 1.210000000000000000e+02 1.580000000000000000e+02 1.310000000000000000e+02 1.300000000000000000e+02 8.200000000000000000e+01
6.200000000000000000e+01 6.500000000000000000e+01 5.500000000000000000e+01 6.200000000000000000e+01 1.100000000000000000e+02 1.470000000000000000e+02 1.640000000000000000e+02 1.650000000000000000e+02 1.530000000000000000e+02 9.500000000000000000e+01
6.900000000000000000e+01 8.000000000000000000e+01 1.120000000000000000e+02 1.340000000000000000e+02 1.240000000000000000e+02 1.480000000000000000e+02 1.750000000000000000e+02 1.680000000000000000e+02 1.550000000000000000e+02 1.160000000000000000e+02
9.300000000000000000e+01 1.370000000000000000e+02 1.220000000000000000e+02 1.330000000000000000e+02 1.270000000000000000e+02 1.420000000000000000e+02 1.540000000000000000e+02 1.670000000000000000e+02 1.250000000000000000e+02 7.600000000000000000e+01
1.050000000000000000e+02 1.000000000000000000e+02 1.240000000000000000e+02 1.320000000000000000e+02 7.800000000000000000e+01 1.020000000000000000e+02 6.100000000000000000e+01 1.100000000000000000e+02 1.270000000000000000e+02 6.800000000000000000e+01
5.300000000000000000e+01 5.900000000000000000e+01 3.400000000000000000e+01 8.600000000000000000e+01 1.030000000000000000e+02 6.100000000000000000e+01 5.700000000000000000e+01 4.900000000000000000e+01 5.200000000000000000e+01 4.800000000000000000e+01
