3.600000000000000000e+01 8.000000000000000000e+00 3.500000000000000000e+01 9.900000000000000000e+01 1.420000000000000000e+02 1.130000000000000000e+02 1.190000000000000000e+02 9.000000000000000000e+01 1.130000000000000000e+02 1.140000000000000000e+02
6.400000000000000000e+01 4.100000000000000000e+01 1.150000000000000000e+02 1.510000000000000000e+02 1.420000000000000000e+02 1.100000000000000000e+02 1.470000000000000000e+02 1.710000000000000000e+02 1.720000000000000000e+02 1.090000000000000000e+02
2.600000000000000000e+01 3.000000000000000000e+01 7.900000000000000000e+01 9.600000000000000000e+01 1.460000000000000000e+02 1.570000000000000000e+02 1.290000000000000000e+02 1.480000000000000000e+02 1.850000000000000000e+02 1.270000000000000000e+02
3.100000000000000000e+01 6.200000000000000000e+01 8.700000000000000000e+01 1.230000000000000000e+02 1.470000000000000000e+02 1.350000000000000000e+02 1.190000000000000000e+02 1.520000000000000000e+02 1.310000000000000000e+02 1.050000000000000000e+02
1.800000000000000000e+01 3.800000000000000000e+01 6.200000000000000000e+01 5.200000000000000000e+01 7.500000000000000000e+01 8.700000000000000000e+01 1.080000000000000000e+02 1.390000000000000000e+02 1.240000000000000000e+02 1.210000000000000000e+02
2.800000000000000000e+01 1.600000000000000000e+01 6.400000000000000000e+01 6.100000000000000000e+01 6.100000000000000000e+01 5.800000000000000000e+01 1.170000000000000000e+02 1.350000000000000000e+02 1.340000000000000000e+02 1.150000000000000000e+02
3.600000000000000000e+01 5.000000000000000000e+01 5.400000000000000000e+01 7.700000000000000000e+01 8.100000000000000000e+01 8.200000000000000000e+01 9.000000000000000000e+01 6.400000000000000000e+01 1.150000000000000000e+02 9.300000000000000000e+01
4.400000000000000000e+01 5.600000000000000000e+01 6.800000000000000000e+01 5.800000000000000000e+01 6.500000000000000000e+01 4.300000000000000000e+01 6.000000000000000000e+01 6.700000000000000000e+01 5.800000000000000000e+01 2.600000000000000000e+01
1.700000000000000000e+01 1.600000000000000000e+01 3.600000000000000000e+01 4.000000000000000000e+01 2.600000000000000000e+01 2.400000000000000000e+01 4.800000000000000000e+01 1.600000000000000000e+01 3.300000000000000000e+01 3.000000000000000000e+01
9.000000000000000000e+00 1.000000000000000000e+00 4.000000000000000000e+00 1.200000000000000000e+01 1.200000000000000000e+01 2.100000000000000000e+01 2.200000000000000000e+01 2.900000000000000000e+01 3.000000000000000000e+01 1.200000000000000000e+01
