6.000000000000000000e+01 6.000000000000000000e+01 6.200000000000000000e+01 1.580000000000000000e+02 1.060000000000000000e+02 1.220000000000000000e+02 9.400000000000000000e+01 8.000000000000000000e+01 6.400000000000000000e+01 6.800000000000000000e+01
9.200000000000000000e+01 9.600000000000000000e+01 9.300000000000000000e+01 1.480000000000000000e+02 1.640000000000000000e+02 2.280000000000000000e+02 1.860000000000000000e+02 1.500000000000000000e+02 1.520000000000000000e+02 1.210000000000000000e+02
9.600000000000000000e+01 8.800000000000000000e+01 9.300000000000000000e+01 1.460000000000000000e+02 2.430000000000000000e+02 2.500000000000000000e+02 2.760000000000000000e+02 1.990000000000000000e+02 1.790000000000000000e+02 5.900000000000000000e+01
8.300000000000000000e+01 1.170000000000000000e+02 1.060000000000000000e+02 1.890000000000000000e+02 2.260000000000000000e+02 2.810000000000000000e+02 2.780000000000000000e+02 2.430000000000000000e+02 1.870000000000000000e+02 7.900000000000000000e+01
7.800000000000000000e+01 7.000000000000000000e+01 1.340000000000000000e+02 1.960000000000000000e+02 2.280000000000000000e+02 2.150000000000000000e+02 2.800000000000000000e+02 2.270000000000000000e+02 1.720000000000000000e+02 1.040000000000000000e+02
6.100000000000000000e+01 8.800000000000000000e+01 6.000000000000000000e+01 1.400000000000000000e+02 2.110000000000000000e+02 2.020000000000000000e+02 2.120000000000000000e+02 2.390000000000000000e+02 1.310000000000000000e+02 8.300000000000000000e+01
6.000000000000000000e+01 9.700000000000000000e+01 3.800000000000000000e+01 6.200000000000000000e+01 8.600000000000000000e+01 2.190000000000000000e+02 1.510000000000000000e+02 1.740000000000000000e+02 1.310000000000000000e+02 1.240000000000000000e+02
3.000000000000000000e+01 4.700000000000000000e+01 4.200000000000000000e+01 5.200000000000000000e+01 5.800000000000000000e+01 9.000000000000000000e+01 1.050000000000000000e+02 1.620000000000000000e+02 1.130000000000000000e+02 1.190000000000000000e+02
2.300000000000000000e+01 5.800000000000000000e+01 8.000000000000000000e+01 8.000000000000000000e+01 1.000000000000000000e+02 6.400000000000000000e+01 5.100000000000000000e+01 1.450000000000000000e+02 1.420000000000000000e+02 4.200000000000000000e+01
1.300000000000000000e+01 3.400000000000000000e+01 3.800000000000000000e+01 1.800000000000000000e+01 5.400000000000000000e+01 7.400000000000000000e+01 4.200000000000000000e+01 7.400000000000000000e+01 4.600000000000000000e+01 3.600000000000000000e+01
