3.500000000000000000e+01 3.900000000000000000e+01 5.200000000000000000e+01 8.100000000000000000e+01 6.200000000000000000e+01 4.700000000000000000e+01 3.000000000000000000e+01 4.200000000000000000e+01 3.400000000000000000e+01 9.000000000000000000e+00
9.300000000000000000e+01 7.300000000000000000e+01 1.530000000000000000e+02 1.290000000000000000e+02 1.050000000000000000e+02 1.140000000000000000e+02 7.200000000000000000e+01 4.400000000000000000e+01 6.300000000000000000e+01 2.600000000000000000e+01
1.190000000000000000e+02 1.250000000000000000e+02 1.510000000000000000e+02 1.770000000000000000e+02 1.300000000000000000e+02 1.420000000000000000e+02 5.000000000000000000e+01 4.700000000000000000e+01 7.900000000000000000e+01 2.900000000000000000e+01
1.190000000000000000e+02 1.150000000000000000e+02 1.020000000000000000e+02 1.570000000000000000e+02 1.170000000000000000e+02 1.340000000000000000e+02 1.070000000000000000e+02 6.900000000000000000e+01 6.900000000000000000e+01 4.500000000000000000e+01
1.160000000000000000e+02 9.200000000000000000e+01 1.090000000000000000e+02 1.070000000000000000e+02 1.180000000000000000e+02 7.600000000000000000e+01 5.900000000000000000e+01 8.200000000000000000e+01 7.600000000000000000e+01 4.900000000000000000e+01
6.300000000000000000e+01 9.600000000000000000e+01 1.170000000000000000e+02 8.000000000000000000e+01 8.300000000000000000e+01 4.800000000000000000e+01 6.400000000000000000e+01 4.600000000000000000e+01 4.700000000000000000e+01 2.000000000000000000e+01
5.200000000000000000e+01 6.800000000000000000e+01 9.200000000000000000e+01 6.600000000000000000e+01 3.000000000000000000e+01 4.800000000000000000e+01 3.800000000000000000e+01 6.000000000000000000e+01 5.500000000000000000e+01 2.600000000000000000e+01
1.700000000000000000e+01 4.600000000000000000e+01 3.400000000000000000e+01 4.000000000000000000e+01 3.000000000000000000e+01 4.300000000000000000e+01 2.900000000000000000e+01 6.000000000000000000e+01 5.400000000000000000e+01 2.700000000000000000e+01
8.000000000000000000e+00 1.700000000000000000e+01 5.000000000000000000e+00 2.900000000000000000e+01 5.900000000000000000e+01 4.600000000000000000e+01 4.200000000000000000e+01 6.300000000000000000e+01 3.200000000000000000e+01 1.300000000000000000e+01
7.000000000000000000e+00 5.000000000000000000e+00 6.000000000000000000e+00 1.600000000000000000e+01 1.800000000000000000e+01 5.200000000000000000e+01 4.000000000000000000e+01 2.600000000000000000e+01 4.000000000000000000e+01 2.200000000000000000e+01
