3.300000000000000000e+01 3.700000000000000000e+01 7.000000000000000000e+01 4.600000000000000000e+01 3.000000000000000000e+01 1.300000000000000000e+01 5.200000000000000000e+01 6.500000000000000000e+01 3.300000000000000000e+01 1.500000000000000000e+01
7.000000000000000000e+01 1.040000000000000000e+02 8.200000000000000000e+01 8.900000000000000000e+01 4.600000000000000000e+01 3.300000000000000000e+01 5.800000000000000000e+01 3.700000000000000000e+01 4.600000000000000000e+01 3.400000000000000000e+01
7.400000000000000000e+01 1.020000000000000000e+02 7.400000000000000000e+01 1.190000000000000000e+02 6.500000000000000000e+01 7.500000000000000000e+01 4.700000000000000000e+01 3.800000000000000000e+01 7.200000000000000000e+01 3.000000000000000000e+01
5.000000000000000000e+01 1.340000000000000000e+02 1.430000000000000000e+02 1.250000000000000000e+02 7.200000000000000000e+01 4.300000000000000000e+01 3.900000000000000000e+01 6.900000000000000000e+01 5.800000000000000000e+01 2.300000000000000000e+01
9.000000000000000000e+01 9.600000000000000000e+01 1.380000000000000000e+02 1.300000000000000000e+02 8.000000000000000000e+01 5.500000000000000000e+01 5.800000000000000000e+01 3.200000000000000000e+01 4.100000000000000000e+01 2.700000000000000000e+01
8.400000000000000000e+01 1.070000000000000000e+02 8.300000000000000000e+01 1.340000000000000000e+02 9.500000000000000000e+01 5.800000000000000000e+01 7.600000000000000000e+01 4.200000000000000000e+01 1.900000000000000000e+01 1.700000000000000000e+01
4.600000000000000000e+01 1.190000000000000000e+02 7.600000000000000000e+01 7.800000000000000000e+01 9.100000000000000000e+01 4.700000000000000000e+01 4.300000000000000000e+01 3.400000000000000000e+01 3.100000000000000000e+01 1.800000000000000000e+01
5.400000000000000000e+01 1.340000000000000000e+02 1.320000000000000000e+02 8.200000000000000000e+01 7.500000000000000000e+01 7.000000000000000000e+01 8.600000000000000000e+01 4.700000000000000000e+01 2.900000000000000000e+01 1.400000000000000000e+01
9.800000000000000000e+01 1.250000000000000000e+02 8.200000000000000000e+01 9.500000000000000000e+01 8.600000000000000000e+01 9.000000000000000000e+01 7.000000000000000000e+01 4.500000000000000000e+01 3.400000000000000000e+01 1.000000000000000000e+00
5.200000000000000000e+01 7.200000000000000000e+01 3.300000000000000000e+01 5.000000000000000000e+01 6.300000000000000000e+01 4.600000000000000000e+01 5.500000000000000000e+01 4.100000000000000000e+01 2.200000000000000000e+01 0.000000000000000000e+00
