7.300000000000000000e+01 1.170000000000000000e+02 7.900000000000000000e+01 1.270000000000000000e+02 0.000000000000000000e+00 1.100000000000000000e+01 1.500000000000000000e+01 8.000000000000000000e+00 0.000000000000000000e+00 0.000000000000000000e+00
4.600000000000000000e+01 6.100000000000000000e+01 0.000000000000000000e+00 1.540000000000000000e+02 1.180000000000000000e+02 0.000000000000000000e+00 2.700000000000000000e+01 2.600000000000000000e+01 1.200000000000000000e+01 3.000000000000000000e+00
0.000000000000000000e+00 1.420000000000000000e+02 1.170000000000000000e+02 1.900000000000000000e+02 1.160000000000000000e+02 0.000000000000000000e+00 3.300000000000000000e+01 0.000000000000000000e+00 1.300000000000000000e+01 6.000000000000000000e+00
4.700000000000000000e+01 2.000000000000000000e+02 1.250000000000000000e+02 2.290000000000000000e+02 1.510000000000000000e+02 1.230000000000000000e+02 1.680000000000000000e+02 8.300000000000000000e+01 3.300000000000000000e+01 1.600000000000000000e+01
0.000000000000000000e+00 1.640000000000000000e+02 1.510000000000000000e+02 1.550000000000000000e+02 1.240000000000000000e+02 1.460000000000000000e+02 1.030000000000000000e+02 9.600000000000000000e+01 0.000000000000000000e+00 9.000000000000000000e+00
7.600000000000000000e+01 5.800000000000000000e+01 0.000000000000000000e+00 1.210000000000000000e+02 1.430000000000000000e+02 1.220000000000000000e+02 0.000000000000000000e+00 7.500000000000000000e+01 1.700000000000000000e+01 1.400000000000000000e+01
6.400000000000000000e+01 0.000000000000000000e+00 1.000000000000000000e+01 0.000000000000000000e+00 0.000000000000000000e+00 1.470000000000000000e+02 4.700000000000000000e+01 8.600000000000000000e+01 0.000000000000000000e+00 7.000000000000000000e+00
6.200000000000000000e+01 6.100000000000000000e+01 6.800000000000000000e+01 6.600000000000000000e+01 1.000000000000000000e+02 8.800000000000000000e+01 0.000000000000000000e+00 4.400000000000000000e+01 0.000000000000000000e+00 9.000000000000000000e+00
2.400000000000000000e+01 3.900000000000000000e+01 3.700000000000000000e+01 4.700000000000000000e+01 4.300000000000000000e+01 6.400000000000000000e+01 6.200000000000000000e+01 8.700000000000000000e+01 3.300000000000000000e+01 1.300000000000000000e+01
1.200000000000000000e+01 1.600000000000000000e+01 3.000000000000000000e+01 0.000000000000000000e+00 0.000000000000000000e+00 5.600000000000000000e+01 2.000000000000000000e+01 1.600000000000000000e+01 2.400000000000000000e+01 3.000000000000000000e+00
