1.000000000000000000e+01 1.000000000000000000e+02 8.000000000000000000e+01 9.200000000000000000e+01 7.800000000000000000e+01 7.800000000000000000e+01 1.010000000000000000e+02 8.100000000000000000e+01 5.100000000000000000e+01 5.600000000000000000e+01
3.600000000000000000e+01 1.050000000000000000e+02 1.180000000000000000e+02 1.030000000000000000e+02 1.130000000000000000e+02 1.180000000000000000e+02 9.700000000000000000e+01 8.300000000000000000e+01 1.020000000000000000e+02 9.600000000000000000e+01
4.800000000000000000e+01 1.060000000000000000e+02 6.700000000000000000e+01 1.040000000000000000e+02 7.700000000000000000e+01 1.270000000000000000e+02 1.030000000000000000e+02 7.400000000000000000e+01 1.230000000000000000e+02 6.200000000000000000e+01
5.200000000000000000e+01 5.400000000000000000e+01 1.190000000000000000e+02 1.310000000000000000e+02 9.200000000000000000e+01 1.010000000000000000e+02 7.100000000000000000e+01 8.900000000000000000e+01 9.700000000000000000e+01 5.200000000000000000e+01
4.700000000000000000e+01 6.800000000000000000e+01 1.040000000000000000e+02 8.900000000000000000e+01 3.500000000000000000e+01 7.000000000000000000e+01 4.000000000000000000e+01 9.000000000000000000e+01 8.400000000000000000e+01 3.800000000000000000e+01
4.900000000000000000e+01 7.200000000000000000e+01 8.100000000000000000e+01 7.300000000000000000e+01 4.100000000000000000e+01 7.100000000000000000e+01 7.600000000000000000e+01 6.300000000000000000e+01 6.700000000000000000e+01 4.100000000000000000e+01
2.900000000000000000e+01 6.700000000000000000e+01 4.000000000000000000e+01 3.300000000000000000e+01 4.100000000000000000e+01 2.600000000000000000e+01 4.300000000000000000e+01 4.400000000000000000e+01 5.000000000000000000e+01 3.300000000000000000e+01
1.200000000000000000e+01 5.100000000000000000e+01 1.800000000000000000e+01 9.000000000000000000e+00 3.600000000000000000e+01 1.500000000000000000e+01 4.200000000000000000e+01 5.400000000000000000e+01 4.900000000000000000e+01 2.300000000000000000e+01
2.500000000000000000e+01 4.000000000000000000e+01 4.200000000000000000e+01 5.200000000000000000e+01 2.500000000000000000e+01 1.300000000000000000e+01 1.400000000000000000e+01 1.100000000000000000e+01 3.700000000000000000e+01 1.200000000000000000e+01
2.900000000000000000e+01 3.400000000000000000e+01 3.300000000000000000e+01 4.000000000000000000e+01 2.500000000000000000e+01 4.630000000000000000e+02 4.620000000000000000e+02 4.660000000000000000e+02 4.670000000000000000e+02 2.000000000000000000e+00
