5.300000000000000000e+01 9.700000000000000000e+01 1.460000000000000000e+02 1.090000000000000000e+02 1.150000000000000000e+02 8.800000000000000000e+01 6.200000000000000000e+01 1.900000000000000000e+01 1.400000000000000000e+01 1.800000000000000000e+01
7.800000000000000000e+01 1.480000000000000000e+02 1.590000000000000000e+02 1.650000000000000000e+02 1.560000000000000000e+02 1.500000000000000000e+02 1.180000000000000000e+02 6.700000000000000000e+01 5.500000000000000000e+01 1.200000000000000000e+01
1.160000000000000000e+02 1.350000000000000000e+02 1.350000000000000000e+02 1.340000000000000000e+02 1.540000000000000000e+02 1.390000000000000000e+02 9.600000000000000000e+01 6.900000000000000000e+01 6.500000000000000000e+01 4.000000000000000000e+01
1.150000000000000000e+02 1.460000000000000000e+02 1.610000000000000000e+02 1.310000000000000000e+02 1.070000000000000000e+02 1.570000000000000000e+02 1.370000000000000000e+02 9.600000000000000000e+01 8.500000000000000000e+01 9.700000000000000000e+01
1.090000000000000000e+02 9.200000000000000000e+01 8.300000000000000000e+01 1.670000000000000000e+02 1.470000000000000000e+02 1.370000000000000000e+02 1.200000000000000000e+02 7.300000000000000000e+01 9.500000000000000000e+01 6.000000000000000000e+01
7.800000000000000000e+01 9.900000000000000000e+01 8.800000000000000000e+01 1.070000000000000000e+02 7.300000000000000000e+01 9.500000000000000000e+01 8.800000000000000000e+01 7.500000000000000000e+01 6.200000000000000000e+01 4.900000000000000000e+01
6.600000000000000000e+01 1.000000000000000000e+02 9.000000000000000000e+01 5.800000000000000000e+01 8.400000000000000000e+01 7.700000000000000000e+01 6.100000000000000000e+01 6.300000000000000000e+01 7.800000000000000000e+01 5.100000000000000000e+01
6.000000000000000000e+01 4.300000000000000000e+01 4.100000000000000000e+01 6.700000000000000000e+01 5.400000000000000000e+01 4.000000000000000000e+01 1.000000000000000000e+01 2.900000000000000000e+01 3.900000000000000000e+01 2.200000000000000000e+01
4.900000000000000000e+01 5.900000000000000000e+01 4.200000000000000000e+01 4.900000000000000000e+01 1.300000000000000000e+01 2.000000000000000000e+01 1.900000000000000000e+01 3.200000000000000000e+01 2.500000000000000000e+01 5.000000000000000000e+00
4.000000000000000000e+01 4.200000000000000000e+01 3.900000000000000000e+01 4.800000000000000000e+01 1.600000000000000000e+01 1.600000000000000000e+01 1.500000000000000000e+01 1.500000000000000000e+01 2.400000000000000000e+01 9.000000000000000000e+00
