1.390000000000000000e+02 1.020000000000000000e+02 7.400000000000000000e+01 7.000000000000000000e+01 1.100000000000000000e+02 1.070000000000000000e+02 1.310000000000000000e+02 1.390000000000000000e+02 1.400000000000000000e+02 2.000000000000000000e+01
6.300000000000000000e+01 4.400000000000000000e+01 9.600000000000000000e+01 1.470000000000000000e+02 1.540000000000000000e+02 8.300000000000000000e+01 7.700000000000000000e+01 1.590000000000000000e+02 1.510000000000000000e+02 1.200000000000000000e+02
7.300000000000000000e+01 1.310000000000000000e+02 9.400000000000000000e+01 1.810000000000000000e+02 2.500000000000000000e+02 2.690000000000000000e+02 1.940000000000000000e+02 1.510000000000000000e+02 9.400000000000000000e+01 7.900000000000000000e+01
2.410000000000000000e+02 2.860000000000000000e+02 2.100000000000000000e+02 2.480000000000000000e+02 2.780000000000000000e+02 2.220000000000000000e+02 1.400000000000000000e+02 1.430000000000000000e+02 1.550000000000000000e+02 1.170000000000000000e+02
1.510000000000000000e+02 1.850000000000000000e+02 2.170000000000000000e+02 2.230000000000000000e+02 2.340000000000000000e+02 1.960000000000000000e+02 1.630000000000000000e+02 1.190000000000000000e+02 1.120000000000000000e+02 9.100000000000000000e+01
1.410000000000000000e+02 1.170000000000000000e+02 2.480000000000000000e+02 1.830000000000000000e+02 2.190000000000000000e+02 1.560000000000000000e+02 1.470000000000000000e+02 8.000000000000000000e+01 1.570000000000000000e+02 6.800000000000000000e+01
1.590000000000000000e+02 1.740000000000000000e+02 2.650000000000000000e+02 2.030000000000000000e+02 2.630000000000000000e+02 1.620000000000000000e+02 1.040000000000000000e+02 5.700000000000000000e+01 6.400000000000000000e+01 5.700000000000000000e+01
1.500000000000000000e+02 1.460000000000000000e+02 2.330000000000000000e+02 7.400000000000000000e+01 1.180000000000000000e+02 1.800000000000000000e+02 1.610000000000000000e+02 1.810000000000000000e+02 1.330000000000000000e+02 6.000000000000000000e+01
8.800000000000000000e+01 1.210000000000000000e+02 1.450000000000000000e+02 1.330000000000000000e+02 1.430000000000000000e+02 1.270000000000000000e+02 1.230000000000000000e+02 1.200000000000000000e+02 5.300000000000000000e+01 5.100000000000000000e+01
1.160000000000000000e+02 9.400000000000000000e+01 7.800000000000000000e+01 8.000000000000000000e+01 9.300000000000000000e+01 1.620000000000000000e+02 7.200000000000000000e+01 6.900000000000000000e+01 8.900000000000000000e+01 4.000000000000000000e+01
