6.200000000000000000e+01 1.400000000000000000e+02 1.140000000000000000e+02 1.080000000000000000e+02 7.200000000000000000e+01 7.500000000000000000e+01 7.600000000000000000e+01 6.300000000000000000e+01 1.120000000000000000e+02 1.000000000000000000e+01
1.120000000000000000e+02 8.300000000000000000e+01 1.780000000000000000e+02 1.910000000000000000e+02 1.750000000000000000e+02 1.210000000000000000e+02 5.600000000000000000e+01 1.180000000000000000e+02 1.480000000000000000e+02 1.100000000000000000e+02
1.170000000000000000e+02 1.140000000000000000e+02 8.500000000000000000e+01 1.430000000000000000e+02 1.680000000000000000e+02 1.860000000000000000e+02 1.700000000000000000e+02 1.280000000000000000e+02 6.300000000000000000e+01 1.110000000000000000e+02
1.050000000000000000e+02 1.800000000000000000e+02 1.670000000000000000e+02 1.820000000000000000e+02 1.770000000000000000e+02 1.620000000000000000e+02 1.360000000000000000e+02 9.700000000000000000e+01 6.400000000000000000e+01 6.500000000000000000e+01
1.140000000000000000e+02 8.400000000000000000e+01 8.300000000000000000e+01 1.190000000000000000e+02 1.860000000000000000e+02 1.370000000000000000e+02 1.880000000000000000e+02 1.580000000000000000e+02 9.000000000000000000e+01 8.100000000000000000e+01
7.900000000000000000e+01 1.260000000000000000e+02 1.330000000000000000e+02 1.900000000000000000e+02 1.410000000000000000e+02 6.900000000000000000e+01 1.540000000000000000e+02 4.900000000000000000e+01 7.400000000000000000e+01 7.200000000000000000e+01
4.600000000000000000e+01 1.280000000000000000e+02 1.320000000000000000e+02 1.410000000000000000e+02 1.670000000000000000e+02 1.050000000000000000e+02 9.000000000000000000e+01 5.100000000000000000e+01 4.400000000000000000e+01 5.300000000000000000e+01
8.200000000000000000e+01 1.160000000000000000e+02 1.440000000000000000e+02 6.000000000000000000e+01 1.390000000000000000e+02 9.200000000000000000e+01 9.100000000000000000e+01 7.100000000000000000e+01 9.800000000000000000e+01 4.500000000000000000e+01
6.600000000000000000e+01 5.700000000000000000e+01 8.100000000000000000e+01 1.110000000000000000e+02 6.900000000000000000e+01 8.600000000000000000e+01 8.200000000000000000e+01 7.900000000000000000e+01 5.000000000000000000e+01 1.700000000000000000e+01
3.500000000000000000e+01 6.900000000000000000e+01 4.600000000000000000e+01 4.500000000000000000e+01 5.000000000000000000e+01 4.400000000000000000e+01 2.700000000000000000e+01 4.600000000000000000e+01 2.100000000000000000e+01 1.700000000000000000e+01
