6.600000000000000000e+01 1.320000000000000000e+02 1.430000000000000000e+02 9.700000000000000000e+01 7.100000000000000000e+01 9.900000000000000000e+01 7.200000000000000000e+01 9.600000000000000000e+01 1.000000000000000000e+02 6.900000000000000000e+01
3.300000000000000000e+01 1.130000000000000000e+02 1.510000000000000000e+02 1.250000000000000000e+02 1.100000000000000000e+02 9.400000000000000000e+01 3.200000000000000000e+01 1.190000000000000000e+02 1.270000000000000000e+02 7.800000000000000000e+01
7.800000000000000000e+01 1.380000000000000000e+02 1.240000000000000000e+02 1.440000000000000000e+02 1.170000000000000000e+02 1.000000000000000000e+02 1.100000000000000000e+02 1.190000000000000000e+02 1.000000000000000000e+02 8.500000000000000000e+01
1.250000000000000000e+02 1.620000000000000000e+02 1.480000000000000000e+02 1.350000000000000000e+02 1.430000000000000000e+02 1.190000000000000000e+02 1.330000000000000000e+02 1.320000000000000000e+02 9.900000000000000000e+01 5.900000000000000000e+01
1.190000000000000000e+02 9.000000000000000000e+01 9.100000000000000000e+01 1.440000000000000000e+02 1.590000000000000000e+02 1.610000000000000000e+02 1.370000000000000000e+02 1.380000000000000000e+02 8.600000000000000000e+01 7.200000000000000000e+01
8.900000000000000000e+01 9.100000000000000000e+01 1.420000000000000000e+02 1.420000000000000000e+02 1.200000000000000000e+02 1.330000000000000000e+02 9.300000000000000000e+01 8.900000000000000000e+01 1.130000000000000000e+02 5.800000000000000000e+01
7.200000000000000000e+01 6.200000000000000000e+01 1.200000000000000000e+02 1.010000000000000000e+02 1.120000000000000000e+02 8.800000000000000000e+01 6.000000000000000000e+00 3.000000000000000000e+01 5.700000000000000000e+01 7.000000000000000000e+00
7.100000000000000000e+01 7.000000000000000000e+01 8.000000000000000000e+01 8.100000000000000000e+01 7.000000000000000000e+01 5.800000000000000000e+01 3.600000000000000000e+01 4.700000000000000000e+01 3.500000000000000000e+01 2.400000000000000000e+01
5.500000000000000000e+01 5.800000000000000000e+01 5.600000000000000000e+01 7.400000000000000000e+01 6.800000000000000000e+01 5.900000000000000000e+01 5.100000000000000000e+01 4.900000000000000000e+01 1.400000000000000000e+01 1.500000000000000000e+01
1.000000000000000000e+01 3.300000000000000000e+01 2.100000000000000000e+01 2.700000000000000000e+01 2.600000000000000000e+01 2.000000000000000000e+01 4.300000000000000000e+01 1.800000000000000000e+01 1.200000000000000000e+01 3.000000000000000000e+00
