2.200000000000000000e+01 8.600000000000000000e+01 9.600000000000000000e+01 1.090000000000000000e+02 1.030000000000000000e+02 6.300000000000000000e+01 7.700000000000000000e+01 8.200000000000000000e+01 8.000000000000000000e+01 3.300000000000000000e+01
4.900000000000000000e+01 1.030000000000000000e+02 1.020000000000000000e+02 1.400000000000000000e+02 1.370000000000000000e+02 1.280000000000000000e+02 5.500000000000000000e+01 1.200000000000000000e+02 1.140000000000000000e+02 5.000000000000000000e+01
8.100000000000000000e+01 1.150000000000000000e+02 1.510000000000000000e+02 1.840000000000000000e+02 1.630000000000000000e+02 1.730000000000000000e+02 1.060000000000000000e+02 1.380000000000000000e+02 1.210000000000000000e+02 5.200000000000000000e+01
1.700000000000000000e+02 1.890000000000000000e+02 1.600000000000000000e+02 1.900000000000000000e+02 1.720000000000000000e+02 1.920000000000000000e+02 1.590000000000000000e+02 1.200000000000000000e+02 5.500000000000000000e+01 6.800000000000000000e+01
1.600000000000000000e+02 1.010000000000000000e+02 7.800000000000000000e+01 9.000000000000000000e+01 1.570000000000000000e+02 1.230000000000000000e+02 1.350000000000000000e+02 1.270000000000000000e+02 1.010000000000000000e+02 7.000000000000000000e+01
1.300000000000000000e+02 9.900000000000000000e+01 1.220000000000000000e+02 6.100000000000000000e+01 1.370000000000000000e+02 4.400000000000000000e+01 6.400000000000000000e+01 5.600000000000000000e+01 8.100000000000000000e+01 3.500000000000000000e+01
6.000000000000000000e+01 7.200000000000000000e+01 1.050000000000000000e+02 1.150000000000000000e+02 9.800000000000000000e+01 7.200000000000000000e+01 5.000000000000000000e+01 7.700000000000000000e+01 9.300000000000000000e+01 4.100000000000000000e+01
6.800000000000000000e+01 8.400000000000000000e+01 7.100000000000000000e+01 6.200000000000000000e+01 7.800000000000000000e+01 6.200000000000000000e+01 5.100000000000000000e+01 9.200000000000000000e+01 8.000000000000000000e+01 2.900000000000000000e+01
5.800000000000000000e+01 8.200000000000000000e+01 5.300000000000000000e+01 6.300000000000000000e+01 6.000000000000000000e+01 4.300000000000000000e+01 5.700000000000000000e+01 7.800000000000000000e+01 3.100000000000000000e+01 7.000000000000000000e+00
3.000000000000000000e+01 3.200000000000000000e+01 2.900000000000000000e+01 2.100000000000000000e+01 1.200000000000000000e+01 4.700000000000000000e+01 2.400000000000000000e+01 2.500000000000000000e+01 3.400000000000000000e+01 1.300000000000000000e+01
