4.800000000000000000e+01 9.700000000000000000e+01 9.100000000000000000e+01 1.430000000000000000e+02 1.790000000000000000e+02 1.910000000000000000e+02 2.540000000000000000e+02 3.360000000000000000e+02 3.350000000000000000e+02 2.820000000000000000e+02
5.100000000000000000e+01 9.800000000000000000e+01 1.460000000000000000e+02 1.340000000000000000e+02 2.130000000000000000e+02 1.080000000000000000e+02 1.940000000000000000e+02 3.670000000000000000e+02 3.720000000000000000e+02 1.070000000000000000e+02
4.500000000000000000e+01 9.100000000000000000e+01 1.300000000000000000e+02 1.350000000000000000e+02 2.120000000000000000e+02 1.510000000000000000e+02 2.130000000000000000e+02 3.460000000000000000e+02 2.530000000000000000e+02 1.740000000000000000e+02
9.200000000000000000e+01 1.360000000000000000e+02 1.620000000000000000e+02 1.650000000000000000e+02 2.300000000000000000e+02 2.160000000000000000e+02 1.980000000000000000e+02 3.040000000000000000e+02 1.290000000000000000e+02 1.220000000000000000e+02
6.000000000000000000e+01 1.100000000000000000e+02 5.200000000000000000e+01 1.690000000000000000e+02 2.370000000000000000e+02 1.810000000000000000e+02 2.150000000000000000e+02 2.320000000000000000e+02 1.500000000000000000e+02 1.080000000000000000e+02
7.000000000000000000e+01 4.900000000000000000e+01 8.700000000000000000e+01 1.150000000000000000e+02 1.720000000000000000e+02 1.870000000000000000e+02 1.830000000000000000e+02 9.100000000000000000e+01 1.680000000000000000e+02 1.200000000000000000e+02
5.600000000000000000e+01 9.100000000000000000e+01 9.800000000000000000e+01 1.100000000000000000e+02 2.240000000000000000e+02 8.200000000000000000e+01 8.400000000000000000e+01 9.700000000000000000e+01 1.640000000000000000e+02 4.300000000000000000e+01
6.900000000000000000e+01 5.300000000000000000e+01 1.040000000000000000e+02 1.290000000000000000e+02 1.610000000000000000e+02 7.300000000000000000e+01 5.800000000000000000e+01 1.200000000000000000e+02 1.180000000000000000e+02 4.300000000000000000e+01
6.100000000000000000e+01 1.070000000000000000e+02 8.200000000000000000e+01 1.150000000000000000e+02 6.200000000000000000e+01 6.900000000000000000e+01 1.320000000000000000e+02 1.370000000000000000e+02 9.500000000000000000e+01 3.900000000000000000e+01
4.700000000000000000e+01 3.100000000000000000e+01 6.100000000000000000e+01 2.100000000000000000e+01 3.200000000000000000e+01 3.000000000000000000e+01 6.500000000000000000e+01 4.200000000000000000e+01 2.700000000000000000e+01 5.300000000000000000e+01
