6.000000000000000000e+01 8.400000000000000000e+01 1.000000000000000000e+02 8.400000000000000000e+01 1.260000000000000000e+02 5.800000000000000000e+01 6.700000000000000000e+01 7.900000000000000000e+01 8.600000000000000000e+01 5.100000000000000000e+01
5.400000000000000000e+01 9.300000000000000000e+01 7.700000000000000000e+01 1.340000000000000000e+02 1.790000000000000000e+02 1.520000000000000000e+02 1.280000000000000000e+02 1.290000000000000000e+02 1.410000000000000000e+02 1.360000000000000000e+02
1.110000000000000000e+02 8.800000000000000000e+01 1.740000000000000000e+02 1.490000000000000000e+02 1.430000000000000000e+02 1.740000000000000000e+02 1.280000000000000000e+02 1.370000000000000000e+02 1.680000000000000000e+02 1.040000000000000000e+02
1.360000000000000000e+02 1.860000000000000000e+02 1.600000000000000000e+02 1.640000000000000000e+02 1.370000000000000000e+02 1.740000000000000000e+02 1.780000000000000000e+02 1.270000000000000000e+02 1.310000000000000000e+02 1.320000000000000000e+02
5.400000000000000000e+01 1.480000000000000000e+02 5.700000000000000000e+01 3.900000000000000000e+01 7.600000000000000000e+01 4.000000000000000000e+01 1.060000000000000000e+02 1.000000000000000000e+02 1.220000000000000000e+02 6.200000000000000000e+01
6.400000000000000000e+01 7.700000000000000000e+01 4.800000000000000000e+01 2.900000000000000000e+01 6.000000000000000000e+01 2.600000000000000000e+01 2.600000000000000000e+01 7.200000000000000000e+01 1.010000000000000000e+02 7.300000000000000000e+01
5.200000000000000000e+01 5.300000000000000000e+01 9.400000000000000000e+01 7.400000000000000000e+01 7.900000000000000000e+01 3.700000000000000000e+01 2.900000000000000000e+01 1.400000000000000000e+01 2.100000000000000000e+01 3.400000000000000000e+01
7.700000000000000000e+01 4.100000000000000000e+01 7.100000000000000000e+01 2.500000000000000000e+01 6.100000000000000000e+01 5.000000000000000000e+01 5.400000000000000000e+01 4.000000000000000000e+01 4.100000000000000000e+01 3.300000000000000000e+01
2.900000000000000000e+01 5.800000000000000000e+01 6.400000000000000000e+01 3.300000000000000000e+01 6.100000000000000000e+01 5.300000000000000000e+01 6.000000000000000000e+01 3.700000000000000000e+01 3.000000000000000000e+01 1.900000000000000000e+01
1.800000000000000000e+01 1.000000000000000000e+01 7.000000000000000000e+00 1.800000000000000000e+01 9.000000000000000000e+00 1.000000000000000000e+01 3.300000000000000000e+01 1.900000000000000000e+01 1.600000000000000000e+01 1.100000000000000000e+01
