1.200000000000000000e+01 4.400000000000000000e+01 3.700000000000000000e+01 3.300000000000000000e+01 9.600000000000000000e+01 5.000000000000000000e+01 6.800000000000000000e+01 8.200000000000000000e+01 6.800000000000000000e+01 3.100000000000000000e+01
2.700000000000000000e+01 4.800000000000000000e+01 4.400000000000000000e+01 8.700000000000000000e+01 1.160000000000000000e+02 7.500000000000000000e+01 4.200000000000000000e+01 1.020000000000000000e+02 1.000000000000000000e+02 5.800000000000000000e+01
1.900000000000000000e+01 4.800000000000000000e+01 2.400000000000000000e+01 1.100000000000000000e+02 6.500000000000000000e+01 9.900000000000000000e+01 1.110000000000000000e+02 1.230000000000000000e+02 8.400000000000000000e+01 8.200000000000000000e+01
5.400000000000000000e+01 8.600000000000000000e+01 7.400000000000000000e+01 1.120000000000000000e+02 1.200000000000000000e+02 1.280000000000000000e+02 1.250000000000000000e+02 1.420000000000000000e+02 1.140000000000000000e+02 1.040000000000000000e+02
3.800000000000000000e+01 1.000000000000000000e+01 2.600000000000000000e+01 1.250000000000000000e+02 1.430000000000000000e+02 1.310000000000000000e+02 1.610000000000000000e+02 1.160000000000000000e+02 1.320000000000000000e+02 9.000000000000000000e+01
3.200000000000000000e+01 4.700000000000000000e+01 5.200000000000000000e+01 8.300000000000000000e+01 1.210000000000000000e+02 7.000000000000000000e+01 1.510000000000000000e+02 1.280000000000000000e+02 1.050000000000000000e+02 6.900000000000000000e+01
9.000000000000000000e+00 5.900000000000000000e+01 7.100000000000000000e+01 8.800000000000000000e+01 9.400000000000000000e+01 6.400000000000000000e+01 1.000000000000000000e+02 1.250000000000000000e+02 1.240000000000000000e+02 7.000000000000000000e+01
3.500000000000000000e+01 5.600000000000000000e+01 7.200000000000000000e+01 9.000000000000000000e+01 6.500000000000000000e+01 3.700000000000000000e+01 6.600000000000000000e+01 8.200000000000000000e+01 7.000000000000000000e+01 5.500000000000000000e+01
3.400000000000000000e+01 3.500000000000000000e+01 7.600000000000000000e+01 1.040000000000000000e+02 6.000000000000000000e+01 7.900000000000000000e+01 7.300000000000000000e+01 6.500000000000000000e+01 4.400000000000000000e+01 1.400000000000000000e+01
2.200000000000000000e+01 1.200000000000000000e+01 3.400000000000000000e+01 6.600000000000000000e+01 3.800000000000000000e+01 5.600000000000000000e+01 1.010000000000000000e+02 7.100000000000000000e+01 2.200000000000000000e+01 1.600000000000000000e+01
