2.400000000000000000e+01 2.300000000000000000e+01 3.300000000000000000e+01 5.000000000000000000e+01 7.000000000000000000e+01 5.000000000000000000e+01 5.600000000000000000e+01 8.000000000000000000e+01 7.700000000000000000e+01 5.700000000000000000e+01
1.300000000000000000e+01 2.100000000000000000e+01 2.500000000000000000e+01 5.800000000000000000e+01 7.300000000000000000e+01 6.300000000000000000e+01 6.800000000000000000e+01 9.400000000000000000e+01 9.900000000000000000e+01 8.100000000000000000e+01
2.100000000000000000e+01 5.000000000000000000e+01 3.200000000000000000e+01 6.600000000000000000e+01 1.170000000000000000e+02 1.290000000000000000e+02 1.310000000000000000e+02 1.150000000000000000e+02 5.200000000000000000e+01 1.000000000000000000e+02
7.100000000000000000e+01 9.000000000000000000e+01 8.100000000000000000e+01 1.020000000000000000e+02 1.370000000000000000e+02 1.250000000000000000e+02 1.460000000000000000e+02 1.320000000000000000e+02 1.320000000000000000e+02 8.000000000000000000e+01
7.000000000000000000e+01 6.400000000000000000e+01 5.800000000000000000e+01 1.170000000000000000e+02 1.180000000000000000e+02 7.500000000000000000e+01 1.470000000000000000e+02 1.290000000000000000e+02 1.540000000000000000e+02 1.070000000000000000e+02
6.100000000000000000e+01 6.400000000000000000e+01 1.010000000000000000e+02 1.410000000000000000e+02 7.900000000000000000e+01 1.130000000000000000e+02 7.000000000000000000e+01 9.700000000000000000e+01 1.030000000000000000e+02 4.000000000000000000e+01
5.200000000000000000e+01 9.000000000000000000e+01 9.100000000000000000e+01 1.040000000000000000e+02 1.200000000000000000e+02 1.170000000000000000e+02 6.100000000000000000e+01 7.000000000000000000e+01 1.080000000000000000e+02 5.400000000000000000e+01
6.800000000000000000e+01 5.800000000000000000e+01 9.200000000000000000e+01 7.200000000000000000e+01 6.900000000000000000e+01 1.220000000000000000e+02 8.700000000000000000e+01 1.010000000000000000e+02 1.310000000000000000e+02 7.600000000000000000e+01
6.600000000000000000e+01 7.800000000000000000e+01 8.400000000000000000e+01 6.800000000000000000e+01 6.700000000000000000e+01 1.220000000000000000e+02 1.200000000000000000e+02 1.060000000000000000e+02 9.700000000000000000e+01 1.800000000000000000e+01
4.200000000000000000e+01 5.400000000000000000e+01 5.800000000000000000e+01 4.300000000000000000e+01 5.200000000000000000e+01 6.300000000000000000e+01 8.000000000000000000e+01 5.400000000000000000e+01 4.600000000000000000e+01 2.300000000000000000e+01
