4.300000000000000000e+01 8.700000000000000000e+01 1.010000000000000000e+02 8.400000000000000000e+01 1.040000000000000000e+02 8.000000000000000000e+01 7.200000000000000000e+01 7.100000000000000000e+01 6.400000000000000000e+01 7.900000000000000000e+01
3.400000000000000000e+01 7.700000000000000000e+01 9.600000000000000000e+01 8.700000000000000000e+01 1.090000000000000000e+02 4.300000000000000000e+01 6.700000000000000000e+01 1.510000000000000000e+02 1.020000000000000000e+02 6.700000000000000000e+01
8.500000000000000000e+01 1.170000000000000000e+02 4.800000000000000000e+01 6.500000000000000000e+01 1.240000000000000000e+02 7.600000000000000000e+01 9.500000000000000000e+01 1.330000000000000000e+02 1.120000000000000000e+02 4.900000000000000000e+01
1.640000000000000000e+02 1.800000000000000000e+02 1.820000000000000000e+02 1.740000000000000000e+02 1.200000000000000000e+02 1.320000000000000000e+02 1.310000000000000000e+02 1.620000000000000000e+02 1.160000000000000000e+02 7.300000000000000000e+01
1.770000000000000000e+02 1.760000000000000000e+02 1.820000000000000000e+02 1.180000000000000000e+02 8.800000000000000000e+01 1.210000000000000000e+02 5.900000000000000000e+01 1.040000000000000000e+02 7.600000000000000000e+01 6.000000000000000000e+01
2.090000000000000000e+02 1.890000000000000000e+02 1.620000000000000000e+02 1.150000000000000000e+02 5.400000000000000000e+01 5.100000000000000000e+01 3.600000000000000000e+01 3.500000000000000000e+01 3.400000000000000000e+01 8.000000000000000000e+00
1.320000000000000000e+02 1.240000000000000000e+02 1.690000000000000000e+02 1.400000000000000000e+02 1.000000000000000000e+02 5.300000000000000000e+01 3.400000000000000000e+01 4.600000000000000000e+01 4.100000000000000000e+01 3.000000000000000000e+00
1.050000000000000000e+02 1.040000000000000000e+02 6.200000000000000000e+01 5.800000000000000000e+01 1.080000000000000000e+02 8.300000000000000000e+01 3.200000000000000000e+01 5.000000000000000000e+01 3.100000000000000000e+01 4.000000000000000000e+00
1.000000000000000000e+02 1.010000000000000000e+02 1.150000000000000000e+02 8.700000000000000000e+01 8.100000000000000000e+01 7.000000000000000000e+01 6.300000000000000000e+01 3.900000000000000000e+01 2.100000000000000000e+01 7.000000000000000000e+00
2.100000000000000000e+01 2.900000000000000000e+01 4.500000000000000000e+01 1.700000000000000000e+01 4.300000000000000000e+01 2.600000000000000000e+01 4.200000000000000000e+01 8.000000000000000000e+00 6.000000000000000000e+00 0.000000000000000000e+00
