1.400000000000000000e+01 1.900000000000000000e+01 3.200000000000000000e+01 5.300000000000000000e+01 5.500000000000000000e+01 5.600000000000000000e+01 6.200000000000000000e+01 8.200000000000000000e+01 9.400000000000000000e+01 4.900000000000000000e+01
9.000000000000000000e+00 2.000000000000000000e+01 3.800000000000000000e+01 6.600000000000000000e+01 9.300000000000000000e+01 8.100000000000000000e+01 8.300000000000000000e+01 1.070000000000000000e+02 1.370000000000000000e+02 6.800000000000000000e+01
4.100000000000000000e+01 4.800000000000000000e+01 2.900000000000000000e+01 8.300000000000000000e+01 9.200000000000000000e+01 1.000000000000000000e+02 1.180000000000000000e+02 1.520000000000000000e+02 8.800000000000000000e+01 1.080000000000000000e+02
4.100000000000000000e+01 7.100000000000000000e+01 7.200000000000000000e+01 1.120000000000000000e+02 9.700000000000000000e+01 1.420000000000000000e+02 1.340000000000000000e+02 1.090000000000000000e+02 8.800000000000000000e+01 1.160000000000000000e+02
3.300000000000000000e+01 5.900000000000000000e+01 9.500000000000000000e+01 6.400000000000000000e+01 9.300000000000000000e+01 1.520000000000000000e+02 1.330000000000000000e+02 1.630000000000000000e+02 1.220000000000000000e+02 1.070000000000000000e+02
5.600000000000000000e+01 6.600000000000000000e+01 1.010000000000000000e+02 1.240000000000000000e+02 1.590000000000000000e+02 1.400000000000000000e+02 1.410000000000000000e+02 6.200000000000000000e+01 1.370000000000000000e+02 9.300000000000000000e+01
2.000000000000000000e+01 3.000000000000000000e+01 8.200000000000000000e+01 9.600000000000000000e+01 1.200000000000000000e+02 8.800000000000000000e+01 1.050000000000000000e+02 1.530000000000000000e+02 1.540000000000000000e+02 1.020000000000000000e+02
3.800000000000000000e+01 2.300000000000000000e+01 7.000000000000000000e+01 6.800000000000000000e+01 9.500000000000000000e+01 1.510000000000000000e+02 1.010000000000000000e+02 1.200000000000000000e+02 1.250000000000000000e+02 5.600000000000000000e+01
2.500000000000000000e+01 4.100000000000000000e+01 3.200000000000000000e+01 3.600000000000000000e+01 6.000000000000000000e+01 1.420000000000000000e+02 1.020000000000000000e+02 8.500000000000000000e+01 7.900000000000000000e+01 3.200000000000000000e+01
4.000000000000000000e+00 7.000000000000000000e+00 4.200000000000000000e+01 1.700000000000000000e+01 2.800000000000000000e+01 5.000000000000000000e+01 1.160000000000000000e+02 8.600000000000000000e+01 4.300000000000000000e+01 3.000000000000000000e+00
