2.200000000000000000e+01 4.600000000000000000e+01 7.600000000000000000e+01 6.900000000000000000e+01 6.500000000000000000e+01 7.300000000000000000e+01 6.900000000000000000e+01 6.600000000000000000e+01 7.800000000000000000e+01 3.600000000000000000e+01
1.900000000000000000e+01 5.200000000000000000e+01 4.100000000000000000e+01 1.050000000000000000e+02 8.500000000000000000e+01 4.100000000000000000e+01 8.000000000000000000e+01 1.120000000000000000e+02 9.900000000000000000e+01 4.500000000000000000e+01
3.200000000000000000e+01 4.800000000000000000e+01 8.300000000000000000e+01 8.600000000000000000e+01 9.600000000000000000e+01 1.330000000000000000e+02 1.250000000000000000e+02 1.160000000000000000e+02 2.700000000000000000e+01 5.200000000000000000e+01
5.400000000000000000e+01 6.100000000000000000e+01 8.400000000000000000e+01 7.900000000000000000e+01 1.220000000000000000e+02 1.380000000000000000e+02 1.270000000000000000e+02 8.400000000000000000e+01 5.500000000000000000e+01 6.400000000000000000e+01
4.000000000000000000e+01 5.400000000000000000e+01 7.400000000000000000e+01 8.100000000000000000e+01 7.400000000000000000e+01 1.140000000000000000e+02 1.150000000000000000e+02 6.500000000000000000e+01 5.400000000000000000e+01 5.600000000000000000e+01
4.700000000000000000e+01 4.500000000000000000e+01 5.300000000000000000e+01 6.100000000000000000e+01 6.200000000000000000e+01 8.900000000000000000e+01 3.500000000000000000e+01 5.400000000000000000e+01 9.300000000000000000e+01 6.300000000000000000e+01
2.900000000000000000e+01 3.900000000000000000e+01 5.600000000000000000e+01 8.600000000000000000e+01 9.100000000000000000e+01 8.000000000000000000e+01 2.400000000000000000e+01 5.300000000000000000e+01 8.000000000000000000e+01 8.900000000000000000e+01
2.500000000000000000e+01 1.500000000000000000e+01 4.300000000000000000e+01 2.800000000000000000e+01 4.300000000000000000e+01 5.300000000000000000e+01 5.300000000000000000e+01 8.600000000000000000e+01 1.050000000000000000e+02 8.100000000000000000e+01
1.900000000000000000e+01 2.700000000000000000e+01 6.200000000000000000e+01 6.900000000000000000e+01 5.000000000000000000e+01 6.600000000000000000e+01 5.900000000000000000e+01 8.100000000000000000e+01 8.700000000000000000e+01 5.600000000000000000e+01
5.000000000000000000e+00 3.200000000000000000e+01 2.000000000000000000e+01 1.500000000000000000e+01 3.300000000000000000e+01 1.800000000000000000e+01 3.400000000000000000e+01 6.300000000000000000e+01 4.400000000000000000e+01 5.300000000000000000e+01
