5.800000000000000000e+01 8.600000000000000000e+01 9.900000000000000000e+01 9.000000000000000000e+01 9.000000000000000000e+01 1.230000000000000000e+02 1.070000000000000000e+02 9.300000000000000000e+01 1.250000000000000000e+02 7.400000000000000000e+01
6.900000000000000000e+01 7.800000000000000000e+01 8.800000000000000000e+01 1.380000000000000000e+02 1.410000000000000000e+02 1.480000000000000000e+02 9.500000000000000000e+01 1.380000000000000000e+02 1.220000000000000000e+02 1.010000000000000000e+02
5.800000000000000000e+01 9.900000000000000000e+01 5.500000000000000000e+01 1.350000000000000000e+02 1.620000000000000000e+02 1.440000000000000000e+02 1.030000000000000000e+02 1.390000000000000000e+02 1.530000000000000000e+02 1.030000000000000000e+02
1.010000000000000000e+02 1.350000000000000000e+02 1.600000000000000000e+02 1.280000000000000000e+02 1.660000000000000000e+02 1.530000000000000000e+02 1.580000000000000000e+02 1.440000000000000000e+02 1.420000000000000000e+02 9.100000000000000000e+01
9.300000000000000000e+01 1.360000000000000000e+02 1.370000000000000000e+02 9.100000000000000000e+01 9.900000000000000000e+01 1.170000000000000000e+02 9.100000000000000000e+01 1.220000000000000000e+02 1.100000000000000000e+02 6.100000000000000000e+01
9.400000000000000000e+01 1.100000000000000000e+02 1.310000000000000000e+02 1.500000000000000000e+02 1.550000000000000000e+02 1.140000000000000000e+02 6.200000000000000000e+01 5.800000000000000000e+01 8.600000000000000000e+01 9.400000000000000000e+01
8.900000000000000000e+01 8.800000000000000000e+01 1.380000000000000000e+02 1.330000000000000000e+02 8.000000000000000000e+01 6.500000000000000000e+01 3.200000000000000000e+01 4.400000000000000000e+01 8.300000000000000000e+01 4.900000000000000000e+01
6.400000000000000000e+01 6.800000000000000000e+01 1.000000000000000000e+02 8.200000000000000000e+01 6.700000000000000000e+01 3.400000000000000000e+01 3.200000000000000000e+01 4.600000000000000000e+01 5.800000000000000000e+01 5.000000000000000000e+01
7.200000000000000000e+01 5.100000000000000000e+01 9.400000000000000000e+01 6.800000000000000000e+01 4.800000000000000000e+01 3.000000000000000000e+01 4.800000000000000000e+01 6.200000000000000000e+01 2.500000000000000000e+01 2.700000000000000000e+01
2.700000000000000000e+01 2.200000000000000000e+01 4.100000000000000000e+01 1.700000000000000000e+01 2.000000000000000000e+01 1.700000000000000000e+01 3.400000000000000000e+01 3.800000000000000000e+01 2.500000000000000000e+01 8.000000000000000000e+00
