5.000000000000000000e+00 1.900000000000000000e+01 3.400000000000000000e+01 4.100000000000000000e+01 5.700000000000000000e+01 6.700000000000000000e+01 9.200000000000000000e+01 8.600000000000000000e+01 8.300000000000000000e+01 9.000000000000000000e+01
2.600000000000000000e+01 1.200000000000000000e+01 5.200000000000000000e+01 9.600000000000000000e+01 8.600000000000000000e+01 7.700000000000000000e+01 2.600000000000000000e+01 9.100000000000000000e+01 1.080000000000000000e+02 7.900000000000000000e+01
3.300000000000000000e+01 8.100000000000000000e+01 5.300000000000000000e+01 9.300000000000000000e+01 9.100000000000000000e+01 1.110000000000000000e+02 1.190000000000000000e+02 1.110000000000000000e+02 5.900000000000000000e+01 9.100000000000000000e+01
7.400000000000000000e+01 7.800000000000000000e+01 1.040000000000000000e+02 1.360000000000000000e+02 1.630000000000000000e+02 1.100000000000000000e+02 1.410000000000000000e+02 8.100000000000000000e+01 6.200000000000000000e+01 5.200000000000000000e+01
9.300000000000000000e+01 4.300000000000000000e+01 4.500000000000000000e+01 1.090000000000000000e+02 1.390000000000000000e+02 1.370000000000000000e+02 1.010000000000000000e+02 1.280000000000000000e+02 1.560000000000000000e+02 1.150000000000000000e+02
7.100000000000000000e+01 2.400000000000000000e+01 7.400000000000000000e+01 1.050000000000000000e+02 8.200000000000000000e+01 8.600000000000000000e+01 7.500000000000000000e+01 1.390000000000000000e+02 1.380000000000000000e+02 1.030000000000000000e+02
5.400000000000000000e+01 2.900000000000000000e+01 7.500000000000000000e+01 1.030000000000000000e+02 9.800000000000000000e+01 7.300000000000000000e+01 5.900000000000000000e+01 7.100000000000000000e+01 1.310000000000000000e+02 1.320000000000000000e+02
3.800000000000000000e+01 2.000000000000000000e+01 3.900000000000000000e+01 7.500000000000000000e+01 1.160000000000000000e+02 1.160000000000000000e+02 1.440000000000000000e+02 1.480000000000000000e+02 1.420000000000000000e+02 1.180000000000000000e+02
3.200000000000000000e+01 6.100000000000000000e+01 5.700000000000000000e+01 4.900000000000000000e+01 6.300000000000000000e+01 1.160000000000000000e+02 1.190000000000000000e+02 1.450000000000000000e+02 1.390000000000000000e+02 1.100000000000000000e+02
1.400000000000000000e+01 2.700000000000000000e+01 1.300000000000000000e+01 2.100000000000000000e+01 3.300000000000000000e+01 4.300000000000000000e+01 5.900000000000000000e+01 1.050000000000000000e+02 8.300000000000000000e+01 2.100000000000000000e+01
