1.800000000000000000e+01 1.040000000000000000e+02 1.000000000000000000e+02 9.700000000000000000e+01 1.470000000000000000e+02 1.300000000000000000e+02 1.380000000000000000e+02 1.600000000000000000e+02 2.420000000000000000e+02 1.850000000000000000e+02
4.700000000000000000e+01 9.600000000000000000e+01 1.580000000000000000e+02 1.430000000000000000e+02 1.780000000000000000e+02 1.860000000000000000e+02 1.640000000000000000e+02 2.750000000000000000e+02 2.790000000000000000e+02 1.560000000000000000e+02
5.900000000000000000e+01 9.900000000000000000e+01 1.440000000000000000e+02 9.300000000000000000e+01 1.260000000000000000e+02 1.530000000000000000e+02 2.300000000000000000e+02 2.410000000000000000e+02 1.770000000000000000e+02 1.280000000000000000e+02
7.200000000000000000e+01 1.390000000000000000e+02 1.200000000000000000e+02 1.670000000000000000e+02 1.730000000000000000e+02 2.290000000000000000e+02 1.730000000000000000e+02 2.030000000000000000e+02 1.320000000000000000e+02 1.170000000000000000e+02
6.600000000000000000e+01 4.400000000000000000e+01 5.300000000000000000e+01 1.620000000000000000e+02 1.540000000000000000e+02 1.870000000000000000e+02 1.630000000000000000e+02 2.140000000000000000e+02 1.860000000000000000e+02 1.250000000000000000e+02
6.000000000000000000e+01 6.800000000000000000e+01 7.000000000000000000e+01 1.370000000000000000e+02 9.600000000000000000e+01 7.200000000000000000e+01 7.500000000000000000e+01 2.210000000000000000e+02 1.960000000000000000e+02 1.860000000000000000e+02
4.600000000000000000e+01 1.500000000000000000e+01 5.300000000000000000e+01 1.060000000000000000e+02 1.280000000000000000e+02 4.500000000000000000e+01 3.200000000000000000e+01 1.950000000000000000e+02 1.880000000000000000e+02 1.650000000000000000e+02
3.800000000000000000e+01 1.100000000000000000e+01 6.000000000000000000e+01 2.300000000000000000e+01 6.700000000000000000e+01 3.500000000000000000e+01 9.200000000000000000e+01 1.900000000000000000e+02 1.620000000000000000e+02 8.000000000000000000e+01
3.200000000000000000e+01 2.700000000000000000e+01 4.300000000000000000e+01 3.100000000000000000e+01 6.400000000000000000e+01 6.200000000000000000e+01 8.700000000000000000e+01 8.300000000000000000e+01 1.380000000000000000e+02 1.080000000000000000e+02
6.000000000000000000e+00 3.100000000000000000e+01 1.900000000000000000e+01 1.600000000000000000e+01 8.000000000000000000e+00 3.300000000000000000e+01 3.600000000000000000e+01 7.700000000000000000e+01 6.800000000000000000e+01 3.300000000000000000e+01
