4.400000000000000000e+01 6.400000000000000000e+01 8.800000000000000000e+01 1.020000000000000000e+02 1.430000000000000000e+02 5.800000000000000000e+01 8.000000000000000000e+01 1.570000000000000000e+02 1.470000000000000000e+02 7.200000000000000000e+01
1.120000000000000000e+02 1.080000000000000000e+02 1.070000000000000000e+02 9.700000000000000000e+01 1.670000000000000000e+02 1.450000000000000000e+02 7.800000000000000000e+01 1.690000000000000000e+02 1.220000000000000000e+02 1.250000000000000000e+02
1.220000000000000000e+02 1.150000000000000000e+02 9.200000000000000000e+01 9.200000000000000000e+01 1.510000000000000000e+02 1.710000000000000000e+02 1.610000000000000000e+02 1.900000000000000000e+02 1.570000000000000000e+02 1.000000000000000000e+02
7.400000000000000000e+01 1.180000000000000000e+02 1.370000000000000000e+02 1.290000000000000000e+02 1.010000000000000000e+02 1.260000000000000000e+02 8.100000000000000000e+01 1.470000000000000000e+02 9.200000000000000000e+01 4.900000000000000000e+01
8.600000000000000000e+01 8.900000000000000000e+01 1.320000000000000000e+02 1.760000000000000000e+02 1.440000000000000000e+02 1.190000000000000000e+02 8.800000000000000000e+01 1.190000000000000000e+02 1.290000000000000000e+02 1.150000000000000000e+02
7.400000000000000000e+01 1.100000000000000000e+02 1.340000000000000000e+02 1.590000000000000000e+02 1.510000000000000000e+02 1.330000000000000000e+02 7.500000000000000000e+01 3.200000000000000000e+01 1.170000000000000000e+02 8.400000000000000000e+01
1.000000000000000000e+02 1.010000000000000000e+02 6.100000000000000000e+01 1.480000000000000000e+02 1.380000000000000000e+02 1.140000000000000000e+02 5.000000000000000000e+01 4.700000000000000000e+01 1.140000000000000000e+02 9.500000000000000000e+01
8.800000000000000000e+01 1.120000000000000000e+02 1.450000000000000000e+02 1.710000000000000000e+02 1.710000000000000000e+02 7.200000000000000000e+01 7.300000000000000000e+01 6.400000000000000000e+01 9.800000000000000000e+01 8.800000000000000000e+01
4.200000000000000000e+01 5.000000000000000000e+01 1.000000000000000000e+02 1.130000000000000000e+02 1.270000000000000000e+02 8.300000000000000000e+01 9.500000000000000000e+01 1.080000000000000000e+02 1.060000000000000000e+02 1.040000000000000000e+02
4.000000000000000000e+01 5.100000000000000000e+01 3.100000000000000000e+01 5.100000000000000000e+01 4.000000000000000000e+01 8.600000000000000000e+01 3.500000000000000000e+01 4.400000000000000000e+01 4.500000000000000000e+01 3.700000000000000000e+01
