4.200000000000000000e+01 8.100000000000000000e+01 8.700000000000000000e+01 8.800000000000000000e+01 8.900000000000000000e+01 9.800000000000000000e+01 1.040000000000000000e+02 1.110000000000000000e+02 6.500000000000000000e+01 5.600000000000000000e+01
4.700000000000000000e+01 7.000000000000000000e+01 6.700000000000000000e+01 9.500000000000000000e+01 1.060000000000000000e+02 1.120000000000000000e+02 1.010000000000000000e+02 1.160000000000000000e+02 8.900000000000000000e+01 4.700000000000000000e+01
9.400000000000000000e+01 9.100000000000000000e+01 1.200000000000000000e+02 1.140000000000000000e+02 1.170000000000000000e+02 1.060000000000000000e+02 1.430000000000000000e+02 1.460000000000000000e+02 1.120000000000000000e+02 5.400000000000000000e+01
9.200000000000000000e+01 1.220000000000000000e+02 1.650000000000000000e+02 1.560000000000000000e+02 1.280000000000000000e+02 1.130000000000000000e+02 1.040000000000000000e+02 1.000000000000000000e+02 8.600000000000000000e+01 2.300000000000000000e+01
4.800000000000000000e+01 1.340000000000000000e+02 1.610000000000000000e+02 1.510000000000000000e+02 1.350000000000000000e+02 1.310000000000000000e+02 1.150000000000000000e+02 1.130000000000000000e+02 1.070000000000000000e+02 5.600000000000000000e+01
6.300000000000000000e+01 9.800000000000000000e+01 1.320000000000000000e+02 1.550000000000000000e+02 1.330000000000000000e+02 1.200000000000000000e+02 3.800000000000000000e+01 8.000000000000000000e+00 2.400000000000000000e+01 4.900000000000000000e+01
8.300000000000000000e+01 8.300000000000000000e+01 1.020000000000000000e+02 9.800000000000000000e+01 9.200000000000000000e+01 8.100000000000000000e+01 7.500000000000000000e+01 4.600000000000000000e+01 4.800000000000000000e+01 3.400000000000000000e+01
1.070000000000000000e+02 1.370000000000000000e+02 1.230000000000000000e+02 7.700000000000000000e+01 1.200000000000000000e+02 8.800000000000000000e+01 5.700000000000000000e+01 3.200000000000000000e+01 2.200000000000000000e+01 3.800000000000000000e+01
4.500000000000000000e+01 9.100000000000000000e+01 1.000000000000000000e+02 9.300000000000000000e+01 8.600000000000000000e+01 6.800000000000000000e+01 7.000000000000000000e+01 4.000000000000000000e+01 4.000000000000000000e+01 2.600000000000000000e+01
6.400000000000000000e+01 8.400000000000000000e+01 8.400000000000000000e+01 3.300000000000000000e+01 3.800000000000000000e+01 2.900000000000000000e+01 2.000000000000000000e+01 1.800000000000000000e+01 1.600000000000000000e+01 2.000000000000000000e+01
