2.000000000000000000e+00 4.100000000000000000e+01 6.700000000000000000e+01 4.600000000000000000e+01 6.200000000000000000e+01 3.100000000000000000e+01 4.400000000000000000e+01 5.300000000000000000e+01 4.100000000000000000e+01 3.300000000000000000e+01
6.600000000000000000e+01 6.500000000000000000e+01 5.100000000000000000e+01 7.800000000000000000e+01 8.200000000000000000e+01 5.500000000000000000e+01 7.500000000000000000e+01 6.400000000000000000e+01 2.900000000000000000e+01 4.400000000000000000e+01
6.900000000000000000e+01 5.500000000000000000e+01 5.300000000000000000e+01 8.000000000000000000e+01 7.000000000000000000e+01 6.400000000000000000e+01 8.300000000000000000e+01 1.180000000000000000e+02 8.500000000000000000e+01 7.700000000000000000e+01
9.400000000000000000e+01 9.400000000000000000e+01 8.100000000000000000e+01 1.040000000000000000e+02 9.600000000000000000e+01 7.000000000000000000e+01 8.500000000000000000e+01 1.080000000000000000e+02 5.600000000000000000e+01 4.500000000000000000e+01
9.100000000000000000e+01 1.250000000000000000e+02 1.100000000000000000e+02 1.510000000000000000e+02 1.750000000000000000e+02 1.310000000000000000e+02 1.490000000000000000e+02 1.150000000000000000e+02 1.260000000000000000e+02 1.090000000000000000e+02
1.260000000000000000e+02 1.150000000000000000e+02 1.160000000000000000e+02 1.110000000000000000e+02 1.410000000000000000e+02 1.020000000000000000e+02 4.700000000000000000e+01 5.000000000000000000e+01 1.220000000000000000e+02 7.200000000000000000e+01
1.340000000000000000e+02 1.440000000000000000e+02 1.520000000000000000e+02 1.090000000000000000e+02 2.140000000000000000e+02 1.030000000000000000e+02 7.000000000000000000e+01 7.900000000000000000e+01 8.200000000000000000e+01 1.100000000000000000e+02
1.370000000000000000e+02 1.600000000000000000e+02 1.490000000000000000e+02 1.780000000000000000e+02 2.150000000000000000e+02 2.260000000000000000e+02 2.030000000000000000e+02 1.660000000000000000e+02 1.460000000000000000e+02 1.370000000000000000e+02
1.080000000000000000e+02 1.710000000000000000e+02 1.930000000000000000e+02 2.350000000000000000e+02 2.050000000000000000e+02 1.970000000000000000e+02 1.950000000000000000e+02 1.200000000000000000e+02 1.940000000000000000e+02 1.720000000000000000e+02
1.570000000000000000e+02 1.610000000000000000e+02 1.420000000000000000e+02 1.660000000000000000e+02 6.700000000000000000e+01 1.380000000000000000e+02 9.800000000000000000e+01 9.100000000000000000e+01 1.500000000000000000e+02 6.300000000000000000e+01
