8.000000000000000000e+00 2.900000000000000000e+01 2.500000000000000000e+01 3.100000000000000000e+01 8.500000000000000000e+01 9.400000000000000000e+01 6.200000000000000000e+01 6.600000000000000000e+01 7.400000000000000000e+01 7.300000000000000000e+01
3.100000000000000000e+01 3.000000000000000000e+01 6.200000000000000000e+01 3.500000000000000000e+01 1.260000000000000000e+02 9.900000000000000000e+01 4.300000000000000000e+01 7.700000000000000000e+01 7.700000000000000000e+01 8.900000000000000000e+01
5.500000000000000000e+01 6.400000000000000000e+01 4.300000000000000000e+01 3.500000000000000000e+01 1.150000000000000000e+02 1.020000000000000000e+02 7.800000000000000000e+01 9.000000000000000000e+01 9.300000000000000000e+01 7.200000000000000000e+01
3.700000000000000000e+01 4.200000000000000000e+01 9.000000000000000000e+01 1.180000000000000000e+02 1.110000000000000000e+02 9.100000000000000000e+01 1.410000000000000000e+02 1.020000000000000000e+02 1.190000000000000000e+02 9.300000000000000000e+01
5.800000000000000000e+01 9.600000000000000000e+01 6.900000000000000000e+01 1.420000000000000000e+02 1.530000000000000000e+02 1.200000000000000000e+02 1.160000000000000000e+02 9.200000000000000000e+01 1.120000000000000000e+02 7.100000000000000000e+01
1.140000000000000000e+02 9.700000000000000000e+01 7.400000000000000000e+01 9.800000000000000000e+01 1.260000000000000000e+02 1.320000000000000000e+02 5.700000000000000000e+01 5.300000000000000000e+01 1.000000000000000000e+02 8.100000000000000000e+01
1.350000000000000000e+02 8.600000000000000000e+01 9.600000000000000000e+01 8.200000000000000000e+01 1.230000000000000000e+02 1.120000000000000000e+02 7.200000000000000000e+01 5.400000000000000000e+01 7.600000000000000000e+01 9.600000000000000000e+01
6.400000000000000000e+01 9.200000000000000000e+01 8.700000000000000000e+01 7.700000000000000000e+01 9.200000000000000000e+01 9.900000000000000000e+01 6.900000000000000000e+01 4.800000000000000000e+01 8.200000000000000000e+01 6.800000000000000000e+01
5.700000000000000000e+01 9.500000000000000000e+01 9.600000000000000000e+01 6.800000000000000000e+01 6.900000000000000000e+01 6.600000000000000000e+01 7.100000000000000000e+01 7.400000000000000000e+01 7.000000000000000000e+01 7.400000000000000000e+01
5.000000000000000000e+01 5.200000000000000000e+01 4.300000000000000000e+01 5.700000000000000000e+01 4.300000000000000000e+01 2.700000000000000000e+01 1.700000000000000000e+01 5.300000000000000000e+01 4.900000000000000000e+01 4.700000000000000000e+01
