7.000000000000000000e+01 7.200000000000000000e+01 1.260000000000000000e+02 1.360000000000000000e+02 9.400000000000000000e+01 7.100000000000000000e+01 8.500000000000000000e+01 8.900000000000000000e+01 1.010000000000000000e+02 6.200000000000000000e+01
1.070000000000000000e+02 1.100000000000000000e+02 1.110000000000000000e+02 1.560000000000000000e+02 1.480000000000000000e+02 8.200000000000000000e+01 1.120000000000000000e+02 1.150000000000000000e+02 1.130000000000000000e+02 6.100000000000000000e+01
1.390000000000000000e+02 1.400000000000000000e+02 1.470000000000000000e+02 1.110000000000000000e+02 1.520000000000000000e+02 1.230000000000000000e+02 1.340000000000000000e+02 1.410000000000000000e+02 8.400000000000000000e+01 4.900000000000000000e+01
7.600000000000000000e+01 7.300000000000000000e+01 1.100000000000000000e+02 1.290000000000000000e+02 8.800000000000000000e+01 9.300000000000000000e+01 1.020000000000000000e+02 1.010000000000000000e+02 1.070000000000000000e+02 7.100000000000000000e+01
5.300000000000000000e+01 8.100000000000000000e+01 6.200000000000000000e+01 9.600000000000000000e+01 7.400000000000000000e+01 9.700000000000000000e+01 9.800000000000000000e+01 6.300000000000000000e+01 1.000000000000000000e+02 1.000000000000000000e+02
4.500000000000000000e+01 6.900000000000000000e+01 9.600000000000000000e+01 1.010000000000000000e+02 9.100000000000000000e+01 1.010000000000000000e+02 6.700000000000000000e+01 3.400000000000000000e+01 7.200000000000000000e+01 9.800000000000000000e+01
5.200000000000000000e+01 2.700000000000000000e+01 1.100000000000000000e+01 2.000000000000000000e+01 7.700000000000000000e+01 4.400000000000000000e+01 7.300000000000000000e+01 5.100000000000000000e+01 5.900000000000000000e+01 5.200000000000000000e+01
7.300000000000000000e+01 6.300000000000000000e+01 3.300000000000000000e+01 5.000000000000000000e+01 5.400000000000000000e+01 4.700000000000000000e+01 7.200000000000000000e+01 5.500000000000000000e+01 7.000000000000000000e+01 4.700000000000000000e+01
2.100000000000000000e+01 7.000000000000000000e+00 1.200000000000000000e+01 2.100000000000000000e+01 3.200000000000000000e+01 3.300000000000000000e+01 6.900000000000000000e+01 3.600000000000000000e+01 4.900000000000000000e+01 4.100000000000000000e+01
1.200000000000000000e+01 7.000000000000000000e+00 1.400000000000000000e+01 1.900000000000000000e+01 2.400000000000000000e+01 1.900000000000000000e+01 2.900000000000000000e+01 2.200000000000000000e+01 1.000000000000000000e+00 1.000000000000000000e+00
