4.300000000000000000e+01 4.000000000000000000e+01 6.400000000000000000e+01 7.700000000000000000e+01 7.000000000000000000e+01 9.600000000000000000e+01 1.010000000000000000e+02 1.170000000000000000e+02 1.130000000000000000e+02 7.900000000000000000e+01
6.100000000000000000e+01 5.900000000000000000e+01 6.100000000000000000e+01 1.210000000000000000e+02 1.340000000000000000e+02 1.260000000000000000e+02 9.500000000000000000e+01 1.080000000000000000e+02 1.230000000000000000e+02 9.500000000000000000e+01
9.100000000000000000e+01 1.190000000000000000e+02 9.500000000000000000e+01 1.250000000000000000e+02 1.420000000000000000e+02 1.400000000000000000e+02 1.300000000000000000e+02 1.100000000000000000e+02 9.300000000000000000e+01 5.400000000000000000e+01
1.000000000000000000e+02 7.200000000000000000e+01 1.000000000000000000e+02 8.600000000000000000e+01 7.000000000000000000e+01 1.310000000000000000e+02 8.300000000000000000e+01 8.100000000000000000e+01 4.400000000000000000e+01 3.700000000000000000e+01
6.600000000000000000e+01 7.900000000000000000e+01 6.000000000000000000e+01 1.130000000000000000e+02 6.900000000000000000e+01 8.400000000000000000e+01 1.140000000000000000e+02 7.800000000000000000e+01 1.010000000000000000e+02 4.700000000000000000e+01
5.100000000000000000e+01 8.600000000000000000e+01 7.300000000000000000e+01 9.600000000000000000e+01 7.000000000000000000e+01 8.400000000000000000e+01 3.400000000000000000e+01 8.000000000000000000e+00 9.000000000000000000e+01 4.500000000000000000e+01
5.500000000000000000e+01 4.800000000000000000e+01 2.600000000000000000e+01 4.600000000000000000e+01 7.900000000000000000e+01 4.200000000000000000e+01 7.500000000000000000e+01 6.700000000000000000e+01 5.800000000000000000e+01 9.600000000000000000e+01
6.500000000000000000e+01 4.500000000000000000e+01 4.600000000000000000e+01 6.300000000000000000e+01 5.400000000000000000e+01 4.200000000000000000e+01 7.900000000000000000e+01 6.900000000000000000e+01 1.000000000000000000e+02 9.500000000000000000e+01
1.900000000000000000e+01 1.500000000000000000e+01 3.400000000000000000e+01 3.600000000000000000e+01 4.900000000000000000e+01 5.400000000000000000e+01 6.200000000000000000e+01 6.600000000000000000e+01 6.400000000000000000e+01 7.000000000000000000e+01
1.900000000000000000e+01 2.500000000000000000e+01 1.300000000000000000e+01 2.200000000000000000e+01 3.200000000000000000e+01 1.300000000000000000e+01 4.000000000000000000e+01 2.100000000000000000e+01 1.700000000000000000e+01 1.100000000000000000e+01
