7.000000000000000000e+00 2.300000000000000000e+01 5.100000000000000000e+01 5.300000000000000000e+01 6.600000000000000000e+01 2.600000000000000000e+01 2.700000000000000000e+01 2.600000000000000000e+01 2.800000000000000000e+01 2.900000000000000000e+01
6.600000000000000000e+01 7.300000000000000000e+01 6.900000000000000000e+01 7.300000000000000000e+01 7.200000000000000000e+01 3.400000000000000000e+01 4.600000000000000000e+01 5.100000000000000000e+01 3.600000000000000000e+01 2.800000000000000000e+01
9.800000000000000000e+01 6.500000000000000000e+01 3.400000000000000000e+01 3.700000000000000000e+01 6.500000000000000000e+01 5.500000000000000000e+01 4.900000000000000000e+01 8.100000000000000000e+01 9.000000000000000000e+00 1.300000000000000000e+01
7.800000000000000000e+01 4.600000000000000000e+01 9.600000000000000000e+01 1.350000000000000000e+02 1.050000000000000000e+02 1.130000000000000000e+02 5.500000000000000000e+01 6.100000000000000000e+01 6.200000000000000000e+01 4.200000000000000000e+01
7.600000000000000000e+01 8.300000000000000000e+01 6.000000000000000000e+01 1.660000000000000000e+02 1.810000000000000000e+02 1.210000000000000000e+02 1.290000000000000000e+02 7.800000000000000000e+01 9.000000000000000000e+01 6.600000000000000000e+01
1.330000000000000000e+02 1.060000000000000000e+02 1.150000000000000000e+02 1.760000000000000000e+02 1.920000000000000000e+02 1.220000000000000000e+02 8.000000000000000000e+01 5.600000000000000000e+01 1.310000000000000000e+02 6.500000000000000000e+01
1.370000000000000000e+02 5.200000000000000000e+01 8.300000000000000000e+01 1.290000000000000000e+02 1.740000000000000000e+02 1.270000000000000000e+02 7.400000000000000000e+01 1.220000000000000000e+02 1.670000000000000000e+02 1.130000000000000000e+02
1.690000000000000000e+02 1.650000000000000000e+02 1.510000000000000000e+02 1.930000000000000000e+02 1.900000000000000000e+02 1.810000000000000000e+02 1.360000000000000000e+02 1.690000000000000000e+02 1.350000000000000000e+02 1.250000000000000000e+02
1.530000000000000000e+02 1.430000000000000000e+02 1.640000000000000000e+02 1.690000000000000000e+02 1.800000000000000000e+02 1.600000000000000000e+02 1.500000000000000000e+02 1.800000000000000000e+02 1.620000000000000000e+02 9.100000000000000000e+01
1.480000000000000000e+02 1.510000000000000000e+02 1.500000000000000000e+02 1.220000000000000000e+02 8.400000000000000000e+01 8.300000000000000000e+01 9.900000000000000000e+01 1.480000000000000000e+02 9.600000000000000000e+01 4.500000000000000000e+01
