1.000000000000000000e+01 2.200000000000000000e+01 3.800000000000000000e+01 5.600000000000000000e+01 4.900000000000000000e+01 1.400000000000000000e+01 1.500000000000000000e+01 2.300000000000000000e+01 4.800000000000000000e+01 2.200000000000000000e+01
4.600000000000000000e+01 6.100000000000000000e+01 3.700000000000000000e+01 6.200000000000000000e+01 8.400000000000000000e+01 2.300000000000000000e+01 2.800000000000000000e+01 5.600000000000000000e+01 5.900000000000000000e+01 4.900000000000000000e+01
5.200000000000000000e+01 6.500000000000000000e+01 7.000000000000000000e+01 2.600000000000000000e+01 6.100000000000000000e+01 7.600000000000000000e+01 4.500000000000000000e+01 6.000000000000000000e+01 4.800000000000000000e+01 3.900000000000000000e+01
3.600000000000000000e+01 9.000000000000000000e+00 7.500000000000000000e+01 5.100000000000000000e+01 4.800000000000000000e+01 1.040000000000000000e+02 9.100000000000000000e+01 6.600000000000000000e+01 5.500000000000000000e+01 2.600000000000000000e+01
6.100000000000000000e+01 4.900000000000000000e+01 1.000000000000000000e+02 1.100000000000000000e+02 9.300000000000000000e+01 1.140000000000000000e+02 7.300000000000000000e+01 6.000000000000000000e+01 9.600000000000000000e+01 8.000000000000000000e+01
6.200000000000000000e+01 9.700000000000000000e+01 8.500000000000000000e+01 1.000000000000000000e+02 1.040000000000000000e+02 1.180000000000000000e+02 4.800000000000000000e+01 7.300000000000000000e+01 1.040000000000000000e+02 7.500000000000000000e+01
1.080000000000000000e+02 1.220000000000000000e+02 4.300000000000000000e+01 1.410000000000000000e+02 1.730000000000000000e+02 1.680000000000000000e+02 1.290000000000000000e+02 5.900000000000000000e+01 1.140000000000000000e+02 1.220000000000000000e+02
1.130000000000000000e+02 1.120000000000000000e+02 1.290000000000000000e+02 1.310000000000000000e+02 1.650000000000000000e+02 1.600000000000000000e+02 1.280000000000000000e+02 1.150000000000000000e+02 9.300000000000000000e+01 8.800000000000000000e+01
4.900000000000000000e+01 5.700000000000000000e+01 1.290000000000000000e+02 1.290000000000000000e+02 1.310000000000000000e+02 1.230000000000000000e+02 1.130000000000000000e+02 9.000000000000000000e+01 8.900000000000000000e+01 5.500000000000000000e+01
6.500000000000000000e+01 7.400000000000000000e+01 8.100000000000000000e+01 5.100000000000000000e+01 1.000000000000000000e+02 9.400000000000000000e+01 5.200000000000000000e+01 6.000000000000000000e+01 4.300000000000000000e+01 2.700000000000000000e+01
