8.400000000000000000e+01 1.300000000000000000e+02 1.070000000000000000e+02 6.500000000000000000e+01 8.800000000000000000e+01 6.600000000000000000e+01 2.300000000000000000e+01 4.600000000000000000e+01 4.400000000000000000e+01 2.500000000000000000e+01
8.100000000000000000e+01 1.510000000000000000e+02 1.620000000000000000e+02 8.300000000000000000e+01 9.400000000000000000e+01 3.500000000000000000e+01 1.300000000000000000e+01 7.800000000000000000e+01 5.600000000000000000e+01 2.400000000000000000e+01
1.570000000000000000e+02 1.950000000000000000e+02 1.020000000000000000e+02 8.700000000000000000e+01 1.100000000000000000e+02 1.210000000000000000e+02 9.400000000000000000e+01 9.300000000000000000e+01 7.500000000000000000e+01 1.700000000000000000e+01
7.200000000000000000e+01 7.600000000000000000e+01 1.010000000000000000e+02 1.590000000000000000e+02 8.500000000000000000e+01 1.050000000000000000e+02 7.900000000000000000e+01 9.100000000000000000e+01 9.000000000000000000e+01 5.900000000000000000e+01
8.900000000000000000e+01 1.260000000000000000e+02 1.470000000000000000e+02 1.710000000000000000e+02 1.130000000000000000e+02 1.120000000000000000e+02 1.340000000000000000e+02 5.800000000000000000e+01 8.100000000000000000e+01 8.400000000000000000e+01
6.000000000000000000e+01 1.120000000000000000e+02 1.670000000000000000e+02 1.390000000000000000e+02 1.420000000000000000e+02 1.490000000000000000e+02 5.100000000000000000e+01 2.300000000000000000e+01 6.500000000000000000e+01 4.600000000000000000e+01
1.070000000000000000e+02 1.240000000000000000e+02 1.440000000000000000e+02 4.800000000000000000e+01 1.550000000000000000e+02 1.020000000000000000e+02 8.600000000000000000e+01 7.800000000000000000e+01 1.000000000000000000e+02 5.300000000000000000e+01
1.160000000000000000e+02 1.600000000000000000e+02 1.240000000000000000e+02 1.340000000000000000e+02 1.850000000000000000e+02 1.150000000000000000e+02 1.080000000000000000e+02 1.160000000000000000e+02 7.600000000000000000e+01 6.200000000000000000e+01
1.010000000000000000e+02 7.300000000000000000e+01 9.100000000000000000e+01 1.330000000000000000e+02 1.330000000000000000e+02 1.400000000000000000e+02 1.010000000000000000e+02 7.900000000000000000e+01 1.070000000000000000e+02 1.040000000000000000e+02
9.200000000000000000e+01 7.900000000000000000e+01 1.100000000000000000e+02 7.100000000000000000e+01 8.800000000000000000e+01 5.400000000000000000e+01 8.900000000000000000e+01 4.000000000000000000e+01 2.400000000000000000e+01 5.700000000000000000e+01
