8.700000000000000000e+01 1.180000000000000000e+02 1.370000000000000000e+02 1.090000000000000000e+02 1.020000000000000000e+02 3.000000000000000000e+01 2.200000000000000000e+01 6.000000000000000000e+01 7.000000000000000000e+01 3.900000000000000000e+01
1.300000000000000000e+02 1.640000000000000000e+02 1.370000000000000000e+02 6.800000000000000000e+01 1.200000000000000000e+02 6.200000000000000000e+01 4.600000000000000000e+01 6.900000000000000000e+01 4.700000000000000000e+01 4.200000000000000000e+01
1.420000000000000000e+02 1.160000000000000000e+02 7.200000000000000000e+01 3.800000000000000000e+01 1.170000000000000000e+02 7.300000000000000000e+01 6.600000000000000000e+01 9.700000000000000000e+01 5.700000000000000000e+01 6.700000000000000000e+01
1.230000000000000000e+02 1.330000000000000000e+02 1.220000000000000000e+02 1.520000000000000000e+02 1.430000000000000000e+02 1.090000000000000000e+02 8.900000000000000000e+01 8.900000000000000000e+01 7.400000000000000000e+01 6.400000000000000000e+01
9.600000000000000000e+01 1.190000000000000000e+02 1.580000000000000000e+02 1.440000000000000000e+02 1.240000000000000000e+02 1.350000000000000000e+02 8.600000000000000000e+01 1.250000000000000000e+02 8.200000000000000000e+01 9.000000000000000000e+01
6.400000000000000000e+01 1.740000000000000000e+02 1.730000000000000000e+02 1.700000000000000000e+02 1.490000000000000000e+02 5.800000000000000000e+01 5.000000000000000000e+01 3.600000000000000000e+01 9.500000000000000000e+01 7.900000000000000000e+01
1.080000000000000000e+02 1.420000000000000000e+02 1.380000000000000000e+02 1.020000000000000000e+02 1.400000000000000000e+02 1.070000000000000000e+02 9.400000000000000000e+01 4.500000000000000000e+01 4.800000000000000000e+01 3.900000000000000000e+01
1.170000000000000000e+02 1.250000000000000000e+02 1.010000000000000000e+02 1.000000000000000000e+02 9.600000000000000000e+01 7.000000000000000000e+01 8.200000000000000000e+01 4.400000000000000000e+01 5.000000000000000000e+01 6.200000000000000000e+01
5.500000000000000000e+01 6.500000000000000000e+01 5.800000000000000000e+01 9.300000000000000000e+01 8.400000000000000000e+01 6.900000000000000000e+01 6.600000000000000000e+01 5.800000000000000000e+01 8.100000000000000000e+01 3.900000000000000000e+01
3.100000000000000000e+01 4.700000000000000000e+01 5.700000000000000000e+01 5.600000000000000000e+01 3.000000000000000000e+01 2.900000000000000000e+01 3.900000000000000000e+01 3.600000000000000000e+01 2.500000000000000000e+01 2.200000000000000000e+01
