4.500000000000000000e+01 8.500000000000000000e+01 9.400000000000000000e+01 9.800000000000000000e+01 1.230000000000000000e+02 5.800000000000000000e+01 3.100000000000000000e+01 8.500000000000000000e+01 8.100000000000000000e+01 5.300000000000000000e+01
1.180000000000000000e+02 1.220000000000000000e+02 1.120000000000000000e+02 9.900000000000000000e+01 1.420000000000000000e+02 1.250000000000000000e+02 1.380000000000000000e+02 1.240000000000000000e+02 7.200000000000000000e+01 6.800000000000000000e+01
1.160000000000000000e+02 1.340000000000000000e+02 1.100000000000000000e+02 1.210000000000000000e+02 1.340000000000000000e+02 1.200000000000000000e+02 1.840000000000000000e+02 1.810000000000000000e+02 7.500000000000000000e+01 8.200000000000000000e+01
8.500000000000000000e+01 8.500000000000000000e+01 1.030000000000000000e+02 1.360000000000000000e+02 1.580000000000000000e+02 1.310000000000000000e+02 9.900000000000000000e+01 1.540000000000000000e+02 1.180000000000000000e+02 1.020000000000000000e+02
5.800000000000000000e+01 1.450000000000000000e+02 1.640000000000000000e+02 1.260000000000000000e+02 1.390000000000000000e+02 1.290000000000000000e+02 1.310000000000000000e+02 1.420000000000000000e+02 1.440000000000000000e+02 7.400000000000000000e+01
5.600000000000000000e+01 1.360000000000000000e+02 1.560000000000000000e+02 1.310000000000000000e+02 1.460000000000000000e+02 1.000000000000000000e+02 1.010000000000000000e+02 1.000000000000000000e+02 9.100000000000000000e+01 1.000000000000000000e+02
5.000000000000000000e+01 7.300000000000000000e+01 9.100000000000000000e+01 9.000000000000000000e+01 1.370000000000000000e+02 9.500000000000000000e+01 4.600000000000000000e+01 7.200000000000000000e+01 5.600000000000000000e+01 6.100000000000000000e+01
8.800000000000000000e+01 1.090000000000000000e+02 9.500000000000000000e+01 5.800000000000000000e+01 1.040000000000000000e+02 5.200000000000000000e+01 7.100000000000000000e+01 7.500000000000000000e+01 6.200000000000000000e+01 7.300000000000000000e+01
2.100000000000000000e+01 6.100000000000000000e+01 7.000000000000000000e+01 8.200000000000000000e+01 5.600000000000000000e+01 8.400000000000000000e+01 9.600000000000000000e+01 4.100000000000000000e+01 3.900000000000000000e+01 4.800000000000000000e+01
2.600000000000000000e+01 3.000000000000000000e+01 2.400000000000000000e+01 3.100000000000000000e+01 1.000000000000000000e+01 1.100000000000000000e+01 3.500000000000000000e+01 2.300000000000000000e+01 1.700000000000000000e+01 1.600000000000000000e+01
