8.000000000000000000e+01 1.070000000000000000e+02 1.780000000000000000e+02 1.330000000000000000e+02 7.700000000000000000e+01 7.000000000000000000e+01 4.800000000000000000e+01 6.000000000000000000e+01 6.900000000000000000e+01 7.700000000000000000e+01
1.490000000000000000e+02 1.880000000000000000e+02 1.970000000000000000e+02 6.100000000000000000e+01 9.400000000000000000e+01 1.000000000000000000e+02 5.300000000000000000e+01 5.900000000000000000e+01 8.300000000000000000e+01 6.200000000000000000e+01
1.800000000000000000e+02 2.100000000000000000e+02 1.460000000000000000e+02 9.200000000000000000e+01 8.000000000000000000e+01 7.100000000000000000e+01 8.500000000000000000e+01 1.310000000000000000e+02 2.400000000000000000e+01 2.300000000000000000e+01
1.200000000000000000e+02 1.520000000000000000e+02 1.780000000000000000e+02 1.110000000000000000e+02 1.030000000000000000e+02 8.700000000000000000e+01 1.180000000000000000e+02 1.280000000000000000e+02 4.800000000000000000e+01 4.800000000000000000e+01
1.000000000000000000e+02 1.280000000000000000e+02 1.820000000000000000e+02 1.560000000000000000e+02 1.190000000000000000e+02 8.700000000000000000e+01 9.300000000000000000e+01 7.000000000000000000e+01 7.800000000000000000e+01 7.600000000000000000e+01
9.500000000000000000e+01 1.380000000000000000e+02 1.640000000000000000e+02 1.830000000000000000e+02 1.740000000000000000e+02 1.120000000000000000e+02 6.800000000000000000e+01 4.200000000000000000e+01 4.600000000000000000e+01 4.500000000000000000e+01
1.000000000000000000e+02 1.620000000000000000e+02 5.100000000000000000e+01 5.500000000000000000e+01 1.400000000000000000e+02 1.010000000000000000e+02 4.000000000000000000e+01 7.800000000000000000e+01 5.300000000000000000e+01 1.060000000000000000e+02
1.040000000000000000e+02 1.510000000000000000e+02 9.100000000000000000e+01 1.100000000000000000e+02 1.190000000000000000e+02 1.210000000000000000e+02 9.000000000000000000e+01 9.900000000000000000e+01 9.200000000000000000e+01 1.040000000000000000e+02
5.700000000000000000e+01 4.800000000000000000e+01 6.400000000000000000e+01 9.900000000000000000e+01 9.800000000000000000e+01 6.200000000000000000e+01 1.190000000000000000e+02 9.100000000000000000e+01 9.600000000000000000e+01 6.600000000000000000e+01
3.700000000000000000e+01 5.700000000000000000e+01 2.600000000000000000e+01 2.700000000000000000e+01 2.900000000000000000e+01 5.100000000000000000e+01 3.000000000000000000e+01 3.500000000000000000e+01 3.700000000000000000e+01 1.400000000000000000e+01
