5.000000000000000000e+00 3.900000000000000000e+01 5.900000000000000000e+01 4.100000000000000000e+01 5.000000000000000000e+01 1.070000000000000000e+02 8.200000000000000000e+01 1.270000000000000000e+02 1.190000000000000000e+02 1.020000000000000000e+02
5.200000000000000000e+01 3.900000000000000000e+01 8.200000000000000000e+01 7.100000000000000000e+01 1.140000000000000000e+02 1.380000000000000000e+02 9.700000000000000000e+01 1.630000000000000000e+02 1.510000000000000000e+02 1.150000000000000000e+02
6.900000000000000000e+01 7.200000000000000000e+01 4.500000000000000000e+01 1.000000000000000000e+02 1.220000000000000000e+02 8.900000000000000000e+01 1.340000000000000000e+02 1.510000000000000000e+02 4.900000000000000000e+01 5.000000000000000000e+01
5.900000000000000000e+01 5.900000000000000000e+01 4.400000000000000000e+01 8.400000000000000000e+01 9.800000000000000000e+01 8.200000000000000000e+01 7.800000000000000000e+01 9.800000000000000000e+01 6.600000000000000000e+01 5.800000000000000000e+01
4.900000000000000000e+01 4.500000000000000000e+01 1.900000000000000000e+01 6.600000000000000000e+01 6.200000000000000000e+01 7.400000000000000000e+01 8.700000000000000000e+01 6.200000000000000000e+01 7.200000000000000000e+01 7.400000000000000000e+01
4.000000000000000000e+01 3.800000000000000000e+01 5.700000000000000000e+01 8.500000000000000000e+01 5.900000000000000000e+01 3.600000000000000000e+01 4.000000000000000000e+01 3.900000000000000000e+01 5.300000000000000000e+01 4.600000000000000000e+01
4.400000000000000000e+01 5.800000000000000000e+01 4.600000000000000000e+01 2.600000000000000000e+01 7.400000000000000000e+01 6.300000000000000000e+01 4.600000000000000000e+01 3.400000000000000000e+01 6.600000000000000000e+01 4.900000000000000000e+01
4.500000000000000000e+01 5.900000000000000000e+01 4.600000000000000000e+01 4.500000000000000000e+01 7.700000000000000000e+01 4.100000000000000000e+01 8.900000000000000000e+01 7.900000000000000000e+01 5.600000000000000000e+01 5.000000000000000000e+01
2.500000000000000000e+01 2.700000000000000000e+01 3.500000000000000000e+01 3.900000000000000000e+01 6.300000000000000000e+01 5.300000000000000000e+01 9.000000000000000000e+01 7.200000000000000000e+01 4.000000000000000000e+01 5.800000000000000000e+01
2.600000000000000000e+01 3.400000000000000000e+01 3.300000000000000000e+01 3.100000000000000000e+01 1.100000000000000000e+01 1.900000000000000000e+01 4.800000000000000000e+01 2.800000000000000000e+01 3.700000000000000000e+01 1.400000000000000000e+01
