2.600000000000000000e+01 9.000000000000000000e+00 3.000000000000000000e+01 5.600000000000000000e+01 5.800000000000000000e+01 4.700000000000000000e+01 6.800000000000000000e+01 5.100000000000000000e+01 1.020000000000000000e+02 3.100000000000000000e+01
2.200000000000000000e+01 4.600000000000000000e+01 4.400000000000000000e+01 3.000000000000000000e+01 7.400000000000000000e+01 5.900000000000000000e+01 2.900000000000000000e+01 4.100000000000000000e+01 5.000000000000000000e+01 6.000000000000000000e+01
3.000000000000000000e+01 2.900000000000000000e+01 3.800000000000000000e+01 3.100000000000000000e+01 6.400000000000000000e+01 6.100000000000000000e+01 5.600000000000000000e+01 6.300000000000000000e+01 6.400000000000000000e+01 3.800000000000000000e+01
2.500000000000000000e+01 2.000000000000000000e+01 6.700000000000000000e+01 1.000000000000000000e+02 1.000000000000000000e+02 7.100000000000000000e+01 9.800000000000000000e+01 1.040000000000000000e+02 5.800000000000000000e+01 6.900000000000000000e+01
3.100000000000000000e+01 1.800000000000000000e+01 3.700000000000000000e+01 1.030000000000000000e+02 1.500000000000000000e+02 1.110000000000000000e+02 1.180000000000000000e+02 9.500000000000000000e+01 1.410000000000000000e+02 1.060000000000000000e+02
2.600000000000000000e+01 6.000000000000000000e+01 4.200000000000000000e+01 1.180000000000000000e+02 1.490000000000000000e+02 9.800000000000000000e+01 1.140000000000000000e+02 7.200000000000000000e+01 1.650000000000000000e+02 1.170000000000000000e+02
3.600000000000000000e+01 5.600000000000000000e+01 1.600000000000000000e+01 4.600000000000000000e+01 1.420000000000000000e+02 1.190000000000000000e+02 8.500000000000000000e+01 9.800000000000000000e+01 1.570000000000000000e+02 1.460000000000000000e+02
5.100000000000000000e+01 4.100000000000000000e+01 6.100000000000000000e+01 1.150000000000000000e+02 1.510000000000000000e+02 1.380000000000000000e+02 1.320000000000000000e+02 1.440000000000000000e+02 1.190000000000000000e+02 1.270000000000000000e+02
3.100000000000000000e+01 5.100000000000000000e+01 7.000000000000000000e+01 6.400000000000000000e+01 1.130000000000000000e+02 1.220000000000000000e+02 1.270000000000000000e+02 1.380000000000000000e+02 1.320000000000000000e+02 1.060000000000000000e+02
2.300000000000000000e+01 2.100000000000000000e+01 1.600000000000000000e+01 3.600000000000000000e+01 2.500000000000000000e+01 2.700000000000000000e+01 1.120000000000000000e+02 1.150000000000000000e+02 1.050000000000000000e+02 7.300000000000000000e+01
