5.000000000000000000e+01 3.300000000000000000e+01 1.080000000000000000e+02 7.500000000000000000e+01 8.400000000000000000e+01 5.400000000000000000e+01 6.200000000000000000e+01 3.100000000000000000e+01 4.000000000000000000e+01 2.500000000000000000e+01
9.100000000000000000e+01 1.080000000000000000e+02 1.020000000000000000e+02 5.600000000000000000e+01 9.200000000000000000e+01 4.200000000000000000e+01 7.800000000000000000e+01 3.200000000000000000e+01 3.200000000000000000e+01 2.800000000000000000e+01
1.260000000000000000e+02 1.140000000000000000e+02 1.200000000000000000e+02 1.180000000000000000e+02 1.040000000000000000e+02 8.700000000000000000e+01 9.800000000000000000e+01 9.100000000000000000e+01 6.500000000000000000e+01 2.600000000000000000e+01
1.110000000000000000e+02 1.330000000000000000e+02 1.380000000000000000e+02 1.330000000000000000e+02 1.000000000000000000e+02 7.000000000000000000e+01 7.500000000000000000e+01 1.050000000000000000e+02 6.200000000000000000e+01 1.400000000000000000e+01
8.000000000000000000e+01 1.220000000000000000e+02 1.190000000000000000e+02 1.540000000000000000e+02 1.380000000000000000e+02 9.200000000000000000e+01 1.040000000000000000e+02 9.800000000000000000e+01 7.600000000000000000e+01 6.300000000000000000e+01
7.600000000000000000e+01 1.180000000000000000e+02 1.390000000000000000e+02 1.540000000000000000e+02 1.340000000000000000e+02 7.400000000000000000e+01 9.700000000000000000e+01 6.200000000000000000e+01 3.500000000000000000e+01 6.300000000000000000e+01
7.600000000000000000e+01 6.700000000000000000e+01 6.800000000000000000e+01 5.600000000000000000e+01 1.170000000000000000e+02 7.700000000000000000e+01 6.700000000000000000e+01 3.300000000000000000e+01 4.600000000000000000e+01 6.200000000000000000e+01
7.900000000000000000e+01 9.200000000000000000e+01 1.050000000000000000e+02 8.300000000000000000e+01 9.800000000000000000e+01 7.100000000000000000e+01 9.400000000000000000e+01 4.400000000000000000e+01 6.500000000000000000e+01 5.400000000000000000e+01
4.900000000000000000e+01 3.300000000000000000e+01 7.200000000000000000e+01 7.500000000000000000e+01 1.030000000000000000e+02 6.400000000000000000e+01 6.800000000000000000e+01 7.800000000000000000e+01 4.500000000000000000e+01 4.300000000000000000e+01
4.100000000000000000e+01 4.700000000000000000e+01 5.800000000000000000e+01 2.400000000000000000e+01 2.900000000000000000e+01 6.300000000000000000e+01 4.400000000000000000e+01 3.900000000000000000e+01 8.000000000000000000e+00 1.800000000000000000e+01
