1.900000000000000000e+01 2.900000000000000000e+01 3.300000000000000000e+01 4.200000000000000000e+01 6.300000000000000000e+01 6.700000000000000000e+01 8.900000000000000000e+01 9.000000000000000000e+01 1.270000000000000000e+02 9.400000000000000000e+01
3.300000000000000000e+01 4.000000000000000000e+01 3.400000000000000000e+01 2.000000000000000000e+01 6.400000000000000000e+01 4.200000000000000000e+01 5.700000000000000000e+01 1.260000000000000000e+02 1.060000000000000000e+02 1.080000000000000000e+02
5.500000000000000000e+01 5.700000000000000000e+01 4.700000000000000000e+01 3.600000000000000000e+01 5.200000000000000000e+01 1.290000000000000000e+02 1.000000000000000000e+02 1.100000000000000000e+02 9.400000000000000000e+01 5.600000000000000000e+01
4.600000000000000000e+01 6.600000000000000000e+01 7.000000000000000000e+01 9.500000000000000000e+01 5.700000000000000000e+01 1.440000000000000000e+02 8.700000000000000000e+01 1.060000000000000000e+02 1.000000000000000000e+02 4.600000000000000000e+01
6.600000000000000000e+01 1.340000000000000000e+02 1.100000000000000000e+02 1.420000000000000000e+02 1.470000000000000000e+02 1.540000000000000000e+02 7.400000000000000000e+01 1.380000000000000000e+02 1.590000000000000000e+02 1.440000000000000000e+02
9.800000000000000000e+01 1.190000000000000000e+02 1.300000000000000000e+02 1.340000000000000000e+02 1.410000000000000000e+02 1.170000000000000000e+02 1.190000000000000000e+02 4.100000000000000000e+01 8.400000000000000000e+01 1.260000000000000000e+02
1.250000000000000000e+02 1.070000000000000000e+02 1.220000000000000000e+02 1.050000000000000000e+02 1.760000000000000000e+02 1.610000000000000000e+02 1.290000000000000000e+02 5.600000000000000000e+01 6.700000000000000000e+01 8.500000000000000000e+01
1.020000000000000000e+02 1.510000000000000000e+02 1.480000000000000000e+02 1.090000000000000000e+02 1.540000000000000000e+02 1.560000000000000000e+02 1.040000000000000000e+02 6.900000000000000000e+01 6.800000000000000000e+01 8.000000000000000000e+01
5.000000000000000000e+01 1.000000000000000000e+02 1.280000000000000000e+02 1.040000000000000000e+02 1.180000000000000000e+02 1.160000000000000000e+02 1.250000000000000000e+02 1.320000000000000000e+02 7.400000000000000000e+01 8.100000000000000000e+01
3.200000000000000000e+01 6.300000000000000000e+01 3.500000000000000000e+01 4.900000000000000000e+01 4.400000000000000000e+01 5.100000000000000000e+01 1.160000000000000000e+02 6.800000000000000000e+01 6.100000000000000000e+01 5.000000000000000000e+01
