2.000000000000000000e+00 7.400000000000000000e+01 7.700000000000000000e+01 1.020000000000000000e+02 1.080000000000000000e+02 7.900000000000000000e+01 7.900000000000000000e+01 6.000000000000000000e+01 6.400000000000000000e+01 6.500000000000000000e+01
6.100000000000000000e+01 9.300000000000000000e+01 7.500000000000000000e+01 1.200000000000000000e+02 1.160000000000000000e+02 1.110000000000000000e+02 1.350000000000000000e+02 5.000000000000000000e+01 4.500000000000000000e+01 8.100000000000000000e+01
7.600000000000000000e+01 7.800000000000000000e+01 5.800000000000000000e+01 9.300000000000000000e+01 1.330000000000000000e+02 1.370000000000000000e+02 1.280000000000000000e+02 1.550000000000000000e+02 1.400000000000000000e+02 1.070000000000000000e+02
6.200000000000000000e+01 7.800000000000000000e+01 6.900000000000000000e+01 1.070000000000000000e+02 1.250000000000000000e+02 8.700000000000000000e+01 1.250000000000000000e+02 1.490000000000000000e+02 5.300000000000000000e+01 9.100000000000000000e+01
5.400000000000000000e+01 7.400000000000000000e+01 3.000000000000000000e+01 1.130000000000000000e+02 1.040000000000000000e+02 1.010000000000000000e+02 1.060000000000000000e+02 1.160000000000000000e+02 1.100000000000000000e+02 1.030000000000000000e+02
5.200000000000000000e+01 5.300000000000000000e+01 1.040000000000000000e+02 1.290000000000000000e+02 1.130000000000000000e+02 9.500000000000000000e+01 2.700000000000000000e+01 3.300000000000000000e+01 8.300000000000000000e+01 7.800000000000000000e+01
5.100000000000000000e+01 2.200000000000000000e+01 9.200000000000000000e+01 7.700000000000000000e+01 1.060000000000000000e+02 6.500000000000000000e+01 2.800000000000000000e+01 6.900000000000000000e+01 8.500000000000000000e+01 7.300000000000000000e+01
5.300000000000000000e+01 8.000000000000000000e+01 6.800000000000000000e+01 3.700000000000000000e+01 1.000000000000000000e+02 7.600000000000000000e+01 9.500000000000000000e+01 7.600000000000000000e+01 7.800000000000000000e+01 1.170000000000000000e+02
2.100000000000000000e+01 4.300000000000000000e+01 5.100000000000000000e+01 6.300000000000000000e+01 8.000000000000000000e+01 7.400000000000000000e+01 8.400000000000000000e+01 8.600000000000000000e+01 7.200000000000000000e+01 1.000000000000000000e+02
1.500000000000000000e+01 2.600000000000000000e+01 2.500000000000000000e+01 1.500000000000000000e+01 2.100000000000000000e+01 1.100000000000000000e+01 4.400000000000000000e+01 3.100000000000000000e+01 6.900000000000000000e+01 3.600000000000000000e+01
