1.700000000000000000e+01 5.300000000000000000e+01 7.200000000000000000e+01 8.500000000000000000e+01 6.300000000000000000e+01 1.040000000000000000e+02 1.170000000000000000e+02 1.070000000000000000e+02 8.500000000000000000e+01 6.400000000000000000e+01
5.600000000000000000e+01 5.700000000000000000e+01 4.700000000000000000e+01 7.000000000000000000e+01 1.250000000000000000e+02 1.350000000000000000e+02 1.450000000000000000e+02 1.300000000000000000e+02 9.700000000000000000e+01 5.800000000000000000e+01
7.700000000000000000e+01 9.200000000000000000e+01 5.100000000000000000e+01 5.700000000000000000e+01 1.240000000000000000e+02 1.460000000000000000e+02 1.600000000000000000e+02 1.730000000000000000e+02 6.800000000000000000e+01 4.200000000000000000e+01
6.600000000000000000e+01 5.400000000000000000e+01 7.800000000000000000e+01 1.050000000000000000e+02 1.140000000000000000e+02 1.110000000000000000e+02 1.510000000000000000e+02 1.690000000000000000e+02 1.010000000000000000e+02 7.000000000000000000e+01
8.100000000000000000e+01 9.400000000000000000e+01 1.210000000000000000e+02 1.170000000000000000e+02 9.600000000000000000e+01 9.000000000000000000e+01 6.900000000000000000e+01 1.270000000000000000e+02 1.130000000000000000e+02 1.040000000000000000e+02
8.300000000000000000e+01 1.120000000000000000e+02 9.100000000000000000e+01 1.100000000000000000e+02 1.100000000000000000e+02 1.200000000000000000e+02 6.700000000000000000e+01 3.400000000000000000e+01 9.300000000000000000e+01 9.900000000000000000e+01
9.200000000000000000e+01 1.380000000000000000e+02 1.150000000000000000e+02 5.700000000000000000e+01 7.800000000000000000e+01 7.200000000000000000e+01 4.500000000000000000e+01 6.600000000000000000e+01 5.300000000000000000e+01 8.000000000000000000e+01
1.220000000000000000e+02 1.220000000000000000e+02 1.340000000000000000e+02 6.400000000000000000e+01 1.130000000000000000e+02 8.100000000000000000e+01 5.800000000000000000e+01 6.900000000000000000e+01 4.400000000000000000e+01 4.700000000000000000e+01
1.000000000000000000e+02 9.200000000000000000e+01 8.100000000000000000e+01 9.000000000000000000e+01 8.200000000000000000e+01 4.300000000000000000e+01 6.600000000000000000e+01 3.000000000000000000e+01 3.100000000000000000e+01 1.600000000000000000e+01
7.700000000000000000e+01 9.200000000000000000e+01 2.900000000000000000e+01 2.100000000000000000e+01 1.300000000000000000e+01 3.100000000000000000e+01 2.000000000000000000e+01 6.000000000000000000e+00 6.000000000000000000e+00 1.500000000000000000e+01
