6.700000000000000000e+01 9.200000000000000000e+01 1.560000000000000000e+02 1.260000000000000000e+02 1.270000000000000000e+02 9.400000000000000000e+01 5.500000000000000000e+01 6.600000000000000000e+01 6.300000000000000000e+01 3.600000000000000000e+01
1.630000000000000000e+02 1.480000000000000000e+02 1.680000000000000000e+02 6.900000000000000000e+01 1.420000000000000000e+02 1.410000000000000000e+02 8.100000000000000000e+01 7.900000000000000000e+01 5.200000000000000000e+01 6.700000000000000000e+01
1.320000000000000000e+02 1.240000000000000000e+02 9.800000000000000000e+01 3.600000000000000000e+01 1.510000000000000000e+02 1.570000000000000000e+02 1.100000000000000000e+02 1.210000000000000000e+02 3.300000000000000000e+01 2.600000000000000000e+01
6.500000000000000000e+01 1.450000000000000000e+02 1.330000000000000000e+02 1.890000000000000000e+02 1.780000000000000000e+02 1.190000000000000000e+02 1.510000000000000000e+02 1.100000000000000000e+02 9.400000000000000000e+01 6.500000000000000000e+01
5.000000000000000000e+01 9.000000000000000000e+01 1.140000000000000000e+02 1.660000000000000000e+02 1.480000000000000000e+02 1.530000000000000000e+02 7.900000000000000000e+01 1.300000000000000000e+02 1.480000000000000000e+02 9.200000000000000000e+01
7.000000000000000000e+01 1.000000000000000000e+02 1.650000000000000000e+02 1.440000000000000000e+02 1.580000000000000000e+02 1.120000000000000000e+02 9.000000000000000000e+01 2.900000000000000000e+01 1.550000000000000000e+02 1.220000000000000000e+02
9.500000000000000000e+01 1.200000000000000000e+02 6.700000000000000000e+01 8.700000000000000000e+01 1.640000000000000000e+02 1.390000000000000000e+02 1.520000000000000000e+02 1.580000000000000000e+02 2.040000000000000000e+02 1.220000000000000000e+02
1.300000000000000000e+02 1.230000000000000000e+02 1.280000000000000000e+02 1.330000000000000000e+02 1.820000000000000000e+02 7.000000000000000000e+01 1.550000000000000000e+02 1.980000000000000000e+02 1.340000000000000000e+02 1.460000000000000000e+02
8.900000000000000000e+01 1.370000000000000000e+02 1.460000000000000000e+02 1.250000000000000000e+02 1.580000000000000000e+02 1.180000000000000000e+02 1.510000000000000000e+02 1.360000000000000000e+02 1.160000000000000000e+02 9.100000000000000000e+01
8.000000000000000000e+01 1.070000000000000000e+02 7.900000000000000000e+01 9.300000000000000000e+01 3.300000000000000000e+01 9.700000000000000000e+01 6.300000000000000000e+01 6.700000000000000000e+01 5.700000000000000000e+01 3.200000000000000000e+01
