2.500000000000000000e+01 8.300000000000000000e+01 9.400000000000000000e+01 1.080000000000000000e+02 8.100000000000000000e+01 3.400000000000000000e+01 2.900000000000000000e+01 3.600000000000000000e+01 4.000000000000000000e+01 2.800000000000000000e+01
1.240000000000000000e+02 1.100000000000000000e+02 9.200000000000000000e+01 6.600000000000000000e+01 9.400000000000000000e+01 2.200000000000000000e+01 4.900000000000000000e+01 1.500000000000000000e+01 2.700000000000000000e+01 4.000000000000000000e+01
1.240000000000000000e+02 1.040000000000000000e+02 1.070000000000000000e+02 1.220000000000000000e+02 7.000000000000000000e+01 6.400000000000000000e+01 3.600000000000000000e+01 3.500000000000000000e+01 5.300000000000000000e+01 2.600000000000000000e+01
1.010000000000000000e+02 1.200000000000000000e+02 1.370000000000000000e+02 7.900000000000000000e+01 3.100000000000000000e+01 9.200000000000000000e+01 4.500000000000000000e+01 5.800000000000000000e+01 3.800000000000000000e+01 4.300000000000000000e+01
1.270000000000000000e+02 1.240000000000000000e+02 1.130000000000000000e+02 1.150000000000000000e+02 1.210000000000000000e+02 7.600000000000000000e+01 7.900000000000000000e+01 5.500000000000000000e+01 6.800000000000000000e+01 4.500000000000000000e+01
1.210000000000000000e+02 1.270000000000000000e+02 1.480000000000000000e+02 1.180000000000000000e+02 1.460000000000000000e+02 7.400000000000000000e+01 8.500000000000000000e+01 1.900000000000000000e+01 5.900000000000000000e+01 7.300000000000000000e+01
1.220000000000000000e+02 1.410000000000000000e+02 1.140000000000000000e+02 7.500000000000000000e+01 1.240000000000000000e+02 1.060000000000000000e+02 1.520000000000000000e+02 1.150000000000000000e+02 8.700000000000000000e+01 1.440000000000000000e+02
1.150000000000000000e+02 1.170000000000000000e+02 1.080000000000000000e+02 7.500000000000000000e+01 1.650000000000000000e+02 1.370000000000000000e+02 1.300000000000000000e+02 1.060000000000000000e+02 1.280000000000000000e+02 1.310000000000000000e+02
7.000000000000000000e+01 1.040000000000000000e+02 1.150000000000000000e+02 1.160000000000000000e+02 1.320000000000000000e+02 1.390000000000000000e+02 1.700000000000000000e+02 1.260000000000000000e+02 1.350000000000000000e+02 1.160000000000000000e+02
6.100000000000000000e+01 8.100000000000000000e+01 8.200000000000000000e+01 6.400000000000000000e+01 1.110000000000000000e+02 1.330000000000000000e+02 8.500000000000000000e+01 8.100000000000000000e+01 2.900000000000000000e+01 3.600000000000000000e+01
