8.000000000000000000e+00 1.000000000000000000e+01 3.700000000000000000e+01 5.400000000000000000e+01 4.100000000000000000e+01 4.100000000000000000e+01 7.100000000000000000e+01 7.700000000000000000e+01 4.500000000000000000e+01 3.700000000000000000e+01
2.900000000000000000e+01 3.700000000000000000e+01 2.200000000000000000e+01 6.900000000000000000e+01 7.600000000000000000e+01 6.300000000000000000e+01 4.000000000000000000e+01 6.000000000000000000e+01 7.500000000000000000e+01 8.000000000000000000e+01
4.600000000000000000e+01 5.700000000000000000e+01 4.800000000000000000e+01 7.600000000000000000e+01 9.700000000000000000e+01 8.700000000000000000e+01 9.100000000000000000e+01 1.280000000000000000e+02 1.160000000000000000e+02 7.000000000000000000e+01
5.100000000000000000e+01 4.100000000000000000e+01 5.200000000000000000e+01 1.120000000000000000e+02 1.260000000000000000e+02 9.100000000000000000e+01 1.670000000000000000e+02 1.740000000000000000e+02 1.490000000000000000e+02 4.500000000000000000e+01
5.200000000000000000e+01 4.300000000000000000e+01 1.100000000000000000e+02 1.310000000000000000e+02 1.310000000000000000e+02 1.490000000000000000e+02 1.520000000000000000e+02 1.260000000000000000e+02 1.350000000000000000e+02 8.100000000000000000e+01
3.800000000000000000e+01 7.500000000000000000e+01 7.200000000000000000e+01 6.500000000000000000e+01 1.280000000000000000e+02 1.360000000000000000e+02 7.900000000000000000e+01 2.300000000000000000e+01 8.500000000000000000e+01 7.200000000000000000e+01
4.900000000000000000e+01 6.500000000000000000e+01 2.600000000000000000e+01 3.600000000000000000e+01 9.100000000000000000e+01 9.700000000000000000e+01 1.140000000000000000e+02 2.600000000000000000e+01 1.310000000000000000e+02 1.060000000000000000e+02
6.900000000000000000e+01 6.700000000000000000e+01 3.700000000000000000e+01 5.800000000000000000e+01 1.240000000000000000e+02 1.230000000000000000e+02 1.490000000000000000e+02 1.080000000000000000e+02 1.310000000000000000e+02 1.110000000000000000e+02
3.000000000000000000e+01 5.700000000000000000e+01 4.100000000000000000e+01 7.100000000000000000e+01 7.000000000000000000e+01 1.300000000000000000e+02 1.460000000000000000e+02 1.390000000000000000e+02 9.500000000000000000e+01 9.100000000000000000e+01
2.300000000000000000e+01 4.100000000000000000e+01 1.700000000000000000e+01 3.200000000000000000e+01 2.700000000000000000e+01 4.500000000000000000e+01 6.700000000000000000e+01 4.800000000000000000e+01 9.100000000000000000e+01 4.900000000000000000e+01
