3.100000000000000000e+01 2.500000000000000000e+01 5.200000000000000000e+01 3.300000000000000000e+01 2.400000000000000000e+01 2.800000000000000000e+01 2.800000000000000000e+01 5.900000000000000000e+01 6.800000000000000000e+01 3.200000000000000000e+01
2.900000000000000000e+01 5.900000000000000000e+01 5.300000000000000000e+01 6.200000000000000000e+01 5.100000000000000000e+01 6.600000000000000000e+01 8.200000000000000000e+01 5.800000000000000000e+01 6.600000000000000000e+01 3.800000000000000000e+01
3.900000000000000000e+01 2.600000000000000000e+01 4.900000000000000000e+01 6.200000000000000000e+01 4.100000000000000000e+01 5.500000000000000000e+01 1.220000000000000000e+02 1.080000000000000000e+02 6.200000000000000000e+01 5.000000000000000000e+01
4.600000000000000000e+01 4.600000000000000000e+01 5.600000000000000000e+01 5.100000000000000000e+01 3.000000000000000000e+01 8.300000000000000000e+01 1.160000000000000000e+02 1.280000000000000000e+02 9.200000000000000000e+01 8.400000000000000000e+01
2.500000000000000000e+01 4.600000000000000000e+01 9.100000000000000000e+01 9.200000000000000000e+01 1.160000000000000000e+02 1.100000000000000000e+02 6.800000000000000000e+01 1.120000000000000000e+02 9.100000000000000000e+01 8.400000000000000000e+01
5.100000000000000000e+01 6.700000000000000000e+01 5.600000000000000000e+01 1.050000000000000000e+02 1.180000000000000000e+02 8.400000000000000000e+01 5.000000000000000000e+01 4.200000000000000000e+01 9.400000000000000000e+01 1.120000000000000000e+02
9.400000000000000000e+01 9.700000000000000000e+01 4.700000000000000000e+01 6.200000000000000000e+01 1.120000000000000000e+02 6.400000000000000000e+01 5.500000000000000000e+01 5.300000000000000000e+01 6.200000000000000000e+01 1.150000000000000000e+02
5.800000000000000000e+01 7.500000000000000000e+01 9.800000000000000000e+01 9.700000000000000000e+01 1.060000000000000000e+02 6.500000000000000000e+01 1.050000000000000000e+02 9.500000000000000000e+01 1.110000000000000000e+02 1.340000000000000000e+02
4.900000000000000000e+01 3.600000000000000000e+01 9.800000000000000000e+01 8.800000000000000000e+01 9.600000000000000000e+01 1.220000000000000000e+02 1.160000000000000000e+02 1.110000000000000000e+02 1.160000000000000000e+02 1.100000000000000000e+02
2.700000000000000000e+01 3.500000000000000000e+01 4.500000000000000000e+01 6.000000000000000000e+01 8.300000000000000000e+01 5.600000000000000000e+01 5.800000000000000000e+01 3.900000000000000000e+01 3.200000000000000000e+01 2.800000000000000000e+01
