3.900000000000000000e+01 3.500000000000000000e+01 5.100000000000000000e+01 4.600000000000000000e+01 4.800000000000000000e+01 4.600000000000000000e+01 4.900000000000000000e+01 9.900000000000000000e+01 8.200000000000000000e+01 6.700000000000000000e+01
4.900000000000000000e+01 7.100000000000000000e+01 4.700000000000000000e+01 5.800000000000000000e+01 6.600000000000000000e+01 3.500000000000000000e+01 7.800000000000000000e+01 1.130000000000000000e+02 7.700000000000000000e+01 8.800000000000000000e+01
4.400000000000000000e+01 4.700000000000000000e+01 4.100000000000000000e+01 5.800000000000000000e+01 6.500000000000000000e+01 1.000000000000000000e+02 1.070000000000000000e+02 1.040000000000000000e+02 5.400000000000000000e+01 6.200000000000000000e+01
5.700000000000000000e+01 6.600000000000000000e+01 6.300000000000000000e+01 5.100000000000000000e+01 3.900000000000000000e+01 1.250000000000000000e+02 9.100000000000000000e+01 1.030000000000000000e+02 5.900000000000000000e+01 1.110000000000000000e+02
6.500000000000000000e+01 4.200000000000000000e+01 8.100000000000000000e+01 9.300000000000000000e+01 8.900000000000000000e+01 1.470000000000000000e+02 1.070000000000000000e+02 1.300000000000000000e+02 1.120000000000000000e+02 7.600000000000000000e+01
3.800000000000000000e+01 4.900000000000000000e+01 6.400000000000000000e+01 1.000000000000000000e+02 8.000000000000000000e+01 8.000000000000000000e+01 1.130000000000000000e+02 1.240000000000000000e+02 1.150000000000000000e+02 5.300000000000000000e+01
6.500000000000000000e+01 5.500000000000000000e+01 5.300000000000000000e+01 6.800000000000000000e+01 1.260000000000000000e+02 7.900000000000000000e+01 1.340000000000000000e+02 7.900000000000000000e+01 9.000000000000000000e+01 1.320000000000000000e+02
8.800000000000000000e+01 1.220000000000000000e+02 1.020000000000000000e+02 8.900000000000000000e+01 1.620000000000000000e+02 1.160000000000000000e+02 1.930000000000000000e+02 1.680000000000000000e+02 1.370000000000000000e+02 1.190000000000000000e+02
5.500000000000000000e+01 1.000000000000000000e+02 1.170000000000000000e+02 8.500000000000000000e+01 1.380000000000000000e+02 1.470000000000000000e+02 1.590000000000000000e+02 1.300000000000000000e+02 9.900000000000000000e+01 1.110000000000000000e+02
4.500000000000000000e+01 6.800000000000000000e+01 5.000000000000000000e+01 3.000000000000000000e+01 6.500000000000000000e+01 6.600000000000000000e+01 1.000000000000000000e+02 9.900000000000000000e+01 4.500000000000000000e+01 4.000000000000000000e+01
